TradDt,BizDt,Sgmt,Src,FinInstrmTp,FinInstrmId,ISIN,TckrSymb,SctySrs,XpryDt,FininstrmActlXpryDt,StrkPric,OptnTp,FinInstrmNm,OpnPric,HghPric,LwPric,ClsPric,LastPric,PrvsClsgPric,UndrlygPric,SttlmPric,OpnIntrst,ChngInOpnIntrst,TtlTradgVol,TtlTrfVal,TtlNbOfTxsExctd,SsnId,NewBrdLotQty,Rmks,Rsvd1,Rsvd2,Rsvd3,Rsvd4
2026-09-25,2026-09-25,FO,NSE,STO,115762,,INFY,,2026-09-29,2026-09-29,920.00,PE,INFY26SEP920PE,0.55,1.05,0.20,0.30,0.35,0.30,1000.29,0.30,294000,-79200,2455,904026760.00,927,F1,400,,,,,
2026-09-25,2026-09-25,FO,NSE,STO,104944,,INFY,,2026-11-23,2026-11-23,1280.00,CE,INFY26NOV1280CE,3.05,3.50,3.05,3.35,3.35,3.95,1000.29,3.35,89200,17600,65,33368260.00,26,F1,400,,,,,
2026-09-25,2026-09-25,FO,NSE,STO,104776,,INFY,,2026-11-23,2026-11-23,920.00,CE,INFY26NOV920CE,0.00,0.00,0.00,245.30,0.00,245.30,1000.29,110.59,0,0,0,0.00,0,F1,400,,,,,
2026-09-25,2026-09-25,FO,NSE,STO,104717,,INFY,,2026-10-27,2026-10-27,940.00,CE,INFY26OCT940CE,76.85,81.70,76.35,80.15,80.15,89.90,1000.29,80.15,43200,24800,98,39955420.00,83,F1,400,,,,,
2026-09-25,2026-09-25,FO,NSE,STO,115813,,INFY,,2026-09-29,2026-09-29,1320.00,CE,INFY26SEP1320CE,0.15,0.15,0.05,0.05,0.05,0.10,1000.29,0.05,141600,-7200,20,10560640.00,11,F1,400,,,,,
2026-09-25,2026-09-25,FO,NSE,STO,83370,,INFY,,2026-09-29,2026-09-29,1060.00,CE,INFY26SEP1060CE,1.30,1.65,0.45,1.25,1.05,1.25,1000.29,1.25,2614800,-1548000,21572,9155273760.00,6795,F1,400,,,,,
2026-09-25,2026-09-25,FO,NSE,STF,68553,,INFY,,2026-09-29,2026-09-29,,,INFY26SEPFUT,1000.00,1007.40,994.00,1001.40,1001.00,1014.10,1000.29,1001.40,39331200,-14269200,56631,22687192200.00,43587,F1,400,,,,,
2026-09-25,2026-09-25,FO,NSE,STO,104775,,INFY,,2026-11-23,2026-11-23,880.00,PE,INFY26NOV880PE,8.00,9.50,7.00,9.45,9.45,6.30,1000.29,11.82,7200,6400,25,8882400.00,23,F1,400,,,,,
2026-09-25,2026-09-25,FO,NSE,STO,104733,,INFY,,2026-10-27,2026-10-27,1140.00,PE,INFY26OCT1140PE,135.00,141.55,135.00,136.90,136.90,130.00,1000.29,136.90,85600,1600,11,5618800.00,9,F1,400,,,,,
2026-09-25,2026-09-25,FO,NSE,STO,104782,,INFY,,2026-11-23,2026-11-23,1040.00,CE,INFY26NOV1040CE,35.55,39.20,35.00,36.35,37.20,42.40,1000.29,36.35,81200,29600,143,61626160.00,121,F1,400,,,,,
2026-09-25,2026-09-25,FO,NSE,STO,104736,,INFY,,2026-10-27,2026-10-27,1220.00,CE,INFY26OCT1220CE,2.20,2.20,1.45,1.85,1.85,2.45,1000.29,1.85,112400,-2000,53,25904740.00,35,F1,400,,,,,
2026-09-25,2026-09-25,FO,NSE,STO,104724,,INFY,,2026-10-27,2026-10-27,1020.00,CE,INFY26OCT1020CE,38.00,38.00,30.25,32.30,32.10,38.40,1000.29,32.30,1335200,211200,3939,1658278400.00,2859,F1,400,,,,,
2026-09-25,2026-09-25,FO,NSE,STO,104791,,INFY,,2026-11-23,2026-11-23,1160.00,PE,INFY26NOV1160PE,0.00,0.00,0.00,89.00,89.00,89.00,1000.29,161.57,400,0,0,0.00,0,F1,400,,,,,
2026-09-25,2026-09-25,FO,NSE,STO,83381,,INFY,,2026-09-29,2026-09-29,1260.00,PE,INFY26SEP1260PE,256.80,259.00,256.70,259.00,259.00,245.00,1000.29,259.00,44000,-1600,9,5464160.00,9,F1,400,,,,,
2026-09-25,2026-09-25,FO,NSE,STO,115723,,INFY,,2026-09-29,2026-09-29,840.00,CE,INFY26SEP840CE,0.00,0.00,0.00,184.75,0.00,184.75,1000.29,160.84,0,0,0,0.00,0,F1,400,,,,,
2026-09-25,2026-09-25,FO,NSE,STO,104783,,INFY,,2026-11-23,2026-11-23,1040.00,PE,INFY26NOV1040PE,67.05,67.05,62.00,64.15,64.50,58.15,1000.29,64.15,37600,5200,17,7507520.00,17,F1,400,,,,,
2026-09-25,2026-09-25,FO,NSE,STO,83452,,INFY,,2026-10-27,2026-10-27,1080.00,PE,INFY26OCT1080PE,78.00,94.75,78.00,86.20,85.50,78.00,1000.29,86.20,250000,3200,91,42488740.00,64,F1,400,,,,,
2026-09-25,2026-09-25,FO,NSE,STO,83463,,INFY,,2026-10-27,2026-10-27,1160.00,PE,INFY26OCT1160PE,159.80,160.40,155.00,156.00,156.00,148.10,1000.29,156.00,42800,3200,32,16858820.00,18,F1,400,,,,,
2026-09-25,2026-09-25,FO,NSE,STF,48886,,INFY,,2026-10-27,2026-10-27,,,INFY26OCTFUT,1001.50,1010.50,998.60,1005.80,1005.80,1018.30,1000.29,1005.80,41268800,17137200,53949,21698068760.00,39538,F1,400,,,,,
2026-09-25,2026-09-25,FO,NSE,STO,83439,,INFY,,2026-10-27,2026-10-27,880.00,CE,INFY26OCT880CE,0.00,0.00,0.00,135.00,135.00,135.00,1000.29,129.93,4400,0,0,0.00,0,F1,400,,,,,
2026-09-25,2026-09-25,FO,NSE,STO,83441,,INFY,,2026-10-27,2026-10-27,920.00,CE,INFY26OCT920CE,90.00,99.60,90.00,95.85,95.85,100.00,1000.29,95.85,95600,92800,257,104377760.00,248,F1,400,,,,,
2026-09-25,2026-09-25,FO,NSE,STO,104729,,INFY,,2026-10-27,2026-10-27,1060.00,PE,INFY26OCT1060PE,76.00,78.60,68.75,71.55,72.00,63.85,1000.29,71.55,644800,13600,266,120477380.00,202,F1,400,,,,,
2026-09-25,2026-09-25,FO,NSE,STO,115765,,INFY,,2026-09-29,2026-09-29,1000.00,CE,INFY26SEP1000CE,16.50,16.50,7.70,8.85,8.15,20.10,1000.29,8.85,1672400,974800,39013,15773172660.00,25255,F1,400,,,,,
2026-09-25,2026-09-25,FO,NSE,STO,104787,,INFY,,2026-11-23,2026-11-23,1080.00,PE,INFY26NOV1080PE,94.00,94.00,92.00,92.00,92.00,79.60,1000.29,99.55,36000,-1600,5,2344800.00,5,F1,400,,,,,
2026-09-25,2026-09-25,FO,NSE,STO,83454,,INFY,,2026-10-27,2026-10-27,1120.00,PE,INFY26OCT1120PE,120.00,123.40,118.00,122.00,122.00,109.80,1000.29,122.43,108400,5200,29,14380100.00,28,F1,400,,,,,
2026-09-25,2026-09-25,FO,NSE,STO,104738,,INFY,,2026-10-27,2026-10-27,1260.00,CE,INFY26OCT1260CE,1.45,1.80,1.05,1.20,1.20,1.55,1000.29,1.20,25200,800,30,15134380.00,24,F1,400,,,,,
2026-09-25,2026-09-25,FO,NSE,STO,104728,,INFY,,2026-10-27,2026-10-27,1060.00,CE,INFY26OCT1060CE,19.25,20.55,17.00,18.25,18.30,23.00,1000.29,18.25,1385200,564400,3907,1685054540.00,3483,F1,400,,,,,
2026-09-25,2026-09-25,FO,NSE,STO,104722,,INFY,,2026-10-27,2026-10-27,980.00,CE,INFY26OCT980CE,56.70,56.70,49.45,52.90,52.95,60.50,1000.29,52.90,185200,102000,824,340186040.00,639,F1,400,,,,,
2026-09-25,2026-09-25,FO,NSE,STO,115763,,INFY,,2026-09-29,2026-09-29,960.00,CE,INFY26SEP960CE,39.90,48.30,36.70,41.00,40.10,54.60,1000.29,41.00,126000,-4800,758,303584860.00,683,F1,400,,,,,
2026-09-25,2026-09-25,FO,NSE,STO,83451,,INFY,,2026-10-27,2026-10-27,1080.00,CE,INFY26OCT1080CE,14.25,15.20,12.50,13.50,13.55,17.30,1000.29,13.50,514400,85200,1729,756335780.00,1341,F1,400,,,,,
2026-09-25,2026-09-25,FO,NSE,STO,104711,,INFY,,2026-10-27,2026-10-27,900.00,CE,INFY26OCT900CE,110.00,115.00,106.50,112.90,112.80,123.50,1000.29,112.90,232800,47200,206,83356700.00,127,F1,400,,,,,
2026-09-25,2026-09-25,FO,NSE,STO,83443,,INFY,,2026-10-27,2026-10-27,960.00,CE,INFY26OCT960CE,66.60,68.30,61.50,65.75,65.05,74.45,1000.29,65.75,246400,78000,533,218690880.00,459,F1,400,,,,,
2026-09-25,2026-09-25,FO,NSE,STO,104712,,INFY,,2026-10-27,2026-10-27,900.00,PE,INFY26OCT900PE,6.05,8.50,6.05,7.20,7.30,5.75,1000.29,7.20,787600,132800,1734,629300640.00,1169,F1,400,,,,,
2026-09-25,2026-09-25,FO,NSE,STO,83378,,INFY,,2026-09-29,2026-09-29,1220.00,CE,INFY26SEP1220CE,0.05,0.10,0.05,0.05,0.05,0.15,1000.29,0.05,423200,-29600,143,69788400.00,53,F1,400,,,,,
2026-09-25,2026-09-25,FO,NSE,STO,83368,,INFY,,2026-09-29,2026-09-29,1020.00,CE,INFY26SEP1020CE,6.80,7.70,3.00,4.00,3.60,8.85,1000.29,4.00,2644000,531200,37954,15553644520.00,19474,F1,400,,,,,
2026-09-25,2026-09-25,FO,NSE,STO,115726,,INFY,,2026-09-29,2026-09-29,880.00,CE,INFY26SEP880CE,0.00,0.00,0.00,203.05,203.05,203.05,1000.29,120.86,400,0,0,0.00,0,F1,400,,,,,
2026-09-25,2026-09-25,FO,NSE,STO,104725,,INFY,,2026-10-27,2026-10-27,1020.00,PE,INFY26OCT1020PE,42.15,51.65,42.15,45.65,45.75,40.35,1000.29,45.65,1064400,187600,1316,561411220.00,1191,F1,400,,,,,
2026-09-25,2026-09-25,FO,NSE,STO,83442,,INFY,,2026-10-27,2026-10-27,920.00,PE,INFY26OCT920PE,9.90,11.90,8.90,10.00,10.30,8.20,1000.29,10.00,646400,159200,1398,520156600.00,989,F1,400,,,,,
2026-09-25,2026-09-25,FO,NSE,STO,104737,,INFY,,2026-10-27,2026-10-27,1220.00,PE,INFY26OCT1220PE,216.85,217.00,210.00,216.60,216.60,195.00,1000.29,214.50,10400,8000,22,12639420.00,7,F1,400,,,,,
2026-09-25,2026-09-25,FO,NSE,STO,83469,,INFY,,2026-10-27,2026-10-27,1240.00,PE,INFY26OCT1240PE,231.00,232.80,229.00,232.80,232.80,226.00,1000.29,233.90,46000,6400,16,9413980.00,12,F1,400,,,,,
2026-09-25,2026-09-25,FO,NSE,STO,83490,,INFY,,2026-10-27,2026-10-27,1360.00,CE,INFY26OCT1360CE,0.40,0.55,0.40,0.55,0.55,0.55,1000.29,0.55,84000,6000,50,27209380.00,25,F1,400,,,,,
2026-09-25,2026-09-25,FO,NSE,STO,104809,,INFY,,2026-11-23,2026-11-23,1200.00,PE,INFY26NOV1200PE,0.00,0.00,0.00,101.65,0.00,101.65,1000.29,196.24,0,0,0,0.00,0,F1,400,,,,,
2026-09-25,2026-09-25,FO,NSE,STO,83362,,INFY,,2026-09-29,2026-09-29,900.00,CE,INFY26SEP900CE,101.00,101.00,101.00,101.00,101.00,124.00,1000.29,101.00,4400,400,1,400400.00,1,F1,400,,,,,
2026-09-25,2026-09-25,FO,NSE,STO,83366,,INFY,,2026-09-29,2026-09-29,980.00,CE,INFY26SEP980CE,27.00,30.15,17.65,21.85,21.15,35.95,1000.29,21.85,3826000,3745600,15707,6293609900.00,10109,F1,400,,,,,
2026-09-25,2026-09-25,FO,NSE,STO,83372,,INFY,,2026-09-29,2026-09-29,1100.00,CE,INFY26SEP1100CE,0.45,0.50,0.15,0.45,0.35,0.50,1000.29,0.45,4602400,-961600,11568,5091280080.00,2489,F1,400,,,,,
2026-09-25,2026-09-25,FO,NSE,STO,104790,,INFY,,2026-11-23,2026-11-23,1160.00,CE,INFY26NOV1160CE,12.15,12.15,10.00,10.55,10.40,12.65,1000.29,10.55,52800,10800,43,20129160.00,36,F1,400,,,,,
2026-09-25,2026-09-25,FO,NSE,STO,115724,,INFY,,2026-09-29,2026-09-29,840.00,PE,INFY26SEP840PE,0.00,0.00,0.00,11.50,0.00,11.50,1000.29,0.00,0,0,0,0.00,0,F1,400,,,,,
2026-09-25,2026-09-25,FO,NSE,STO,104945,,INFY,,2026-11-23,2026-11-23,1280.00,PE,INFY26NOV1280PE,0.00,0.00,0.00,228.00,228.00,228.00,1000.29,270.01,2000,0,0,0.00,0,F1,400,,,,,
2026-09-25,2026-09-25,FO,NSE,STO,115768,,INFY,,2026-09-29,2026-09-29,1040.00,PE,INFY26SEP1040PE,38.65,47.10,35.65,41.10,41.65,29.40,1000.29,41.10,1306400,-282400,3414,1476781980.00,2809,F1,400,,,,,
2026-09-25,2026-09-25,FO,NSE,STO,83373,,INFY,,2026-09-29,2026-09-29,1100.00,PE,INFY26SEP1100PE,100.00,105.25,93.25,99.30,98.75,85.90,1000.29,99.30,1643600,-421200,1483,710493080.00,1417,F1,400,,,,,
2026-09-25,2026-09-25,FO,NSE,STO,83489,,INFY,,2026-10-27,2026-10-27,1320.00,PE,INFY26OCT1320PE,311.00,315.00,307.00,310.75,310.50,302.20,1000.29,310.75,195200,41600,106,69166020.00,68,F1,400,,,,,
2026-09-25,2026-09-25,FO,NSE,STO,115769,,INFY,,2026-09-29,2026-09-29,1080.00,CE,INFY26SEP1080CE,1.70,1.70,0.25,0.70,0.55,0.65,1000.29,0.70,2119600,-1318400,12135,5244913440.00,2686,F1,400,,,,,
2026-09-25,2026-09-25,FO,NSE,STO,83364,,INFY,,2026-09-29,2026-09-29,940.00,CE,INFY26SEP940CE,65.20,65.85,56.50,58.90,58.90,80.25,1000.29,61.58,26000,12000,146,58428780.00,135,F1,400,,,,,
2026-09-25,2026-09-25,FO,NSE,STO,83444,,INFY,,2026-10-27,2026-10-27,960.00,PE,INFY26OCT960PE,19.00,23.10,17.50,19.45,19.50,16.30,1000.29,19.45,1347600,324400,5464,2142195580.00,4394,F1,400,,,,,
2026-09-25,2026-09-25,FO,NSE,STO,83440,,INFY,,2026-10-27,2026-10-27,880.00,PE,INFY26OCT880PE,4.65,6.15,4.30,5.10,5.25,4.05,1000.29,5.10,420000,196800,1365,483321740.00,884,F1,400,,,,,
2026-09-25,2026-09-25,FO,NSE,STO,83438,,INFY,,2026-10-27,2026-10-27,840.00,PE,INFY26OCT840PE,2.45,3.35,1.80,2.75,2.90,3.60,1000.29,2.75,73600,73600,287,96747280.00,171,F1,400,,,,,
2026-09-25,2026-09-25,FO,NSE,STO,83367,,INFY,,2026-09-29,2026-09-29,980.00,PE,INFY26SEP980PE,3.20,8.00,1.00,1.50,1.45,2.25,1000.29,1.50,2902400,2111600,52475,20645600320.00,22846,F1,400,,,,,
2026-09-25,2026-09-25,FO,NSE,STO,104734,,INFY,,2026-10-27,2026-10-27,1180.00,CE,INFY26OCT1180CE,3.35,3.40,2.80,3.10,2.85,4.00,1000.29,3.10,220800,8800,194,91806320.00,151,F1,400,,,,,
2026-09-25,2026-09-25,FO,NSE,STO,83453,,INFY,,2026-10-27,2026-10-27,1120.00,CE,INFY26OCT1120CE,7.75,8.25,6.65,7.10,7.10,9.65,1000.29,7.10,637200,178400,1265,570396740.00,998,F1,400,,,,,
2026-09-25,2026-09-25,FO,NSE,STO,83371,,INFY,,2026-09-29,2026-09-29,1060.00,PE,INFY26SEP1060PE,53.85,65.90,53.85,60.40,60.80,46.95,1000.29,60.40,550000,-202400,1422,636814500.00,1052,F1,400,,,,,
2026-09-25,2026-09-25,FO,NSE,STO,104813,,INFY,,2026-11-23,2026-11-23,1240.00,PE,INFY26NOV1240PE,0.00,0.00,0.00,127.05,0.00,127.05,1000.29,232.55,0,0,0,0.00,0,F1,400,,,,,
2026-09-25,2026-09-25,FO,NSE,STO,83374,,INFY,,2026-09-29,2026-09-29,1140.00,CE,INFY26SEP1140CE,0.20,0.25,0.10,0.25,0.20,0.25,1000.29,0.25,2724000,-202400,1883,858786020.00,591,F1,400,,,,,
2026-09-25,2026-09-25,FO,NSE,STO,83437,,INFY,,2026-10-27,2026-10-27,840.00,CE,INFY26OCT840CE,0.00,0.00,0.00,281.90,0.00,281.90,1000.29,166.64,0,0,0,0.00,0,F1,400,,,,,
2026-09-25,2026-09-25,FO,NSE,STO,83445,,INFY,,2026-10-27,2026-10-27,1000.00,CE,INFY26OCT1000CE,45.05,46.00,39.00,41.70,41.55,48.95,1000.29,41.70,1746000,997200,6958,2898971380.00,4843,F1,400,,,,,
2026-09-25,2026-09-25,FO,NSE,STO,115809,,INFY,,2026-09-29,2026-09-29,1240.00,CE,INFY26SEP1240CE,0.10,0.15,0.05,0.10,0.05,0.15,1000.29,0.10,286800,-41200,173,85813080.00,75,F1,400,,,,,
2026-09-25,2026-09-25,FO,NSE,STO,115766,,INFY,,2026-09-29,2026-09-29,1000.00,PE,INFY26SEP1000PE,10.90,16.45,7.55,8.30,8.05,6.05,1000.29,8.30,1388400,-260400,25529,10319194340.00,18862,F1,400,,,,,
2026-09-25,2026-09-25,FO,NSE,STO,115764,,INFY,,2026-09-29,2026-09-29,960.00,PE,INFY26SEP960PE,1.40,3.70,0.40,0.50,0.45,1.05,1000.29,0.50,1186400,242800,16599,6385799300.00,6600,F1,400,,,,,
2026-09-25,2026-09-25,FO,NSE,STO,104810,,INFY,,2026-11-23,2026-11-23,1240.00,CE,INFY26NOV1240CE,4.95,4.95,4.60,4.60,4.60,5.50,1000.29,5.42,9200,1600,6,2987460.00,6,F1,400,,,,,
2026-09-25,2026-09-25,FO,NSE,STO,115727,,INFY,,2026-09-29,2026-09-29,880.00,PE,INFY26SEP880PE,0.45,0.55,0.10,0.15,0.15,0.30,1000.29,0.15,176800,-13600,689,242613400.00,342,F1,400,,,,,
2026-09-25,2026-09-25,FO,NSE,STO,83377,,INFY,,2026-09-29,2026-09-29,1180.00,PE,INFY26SEP1180PE,186.00,186.00,174.35,179.40,180.15,168.20,1000.29,179.40,172400,-5200,24,13045500.00,21,F1,400,,,,,
2026-09-25,2026-09-25,FO,NSE,STO,115810,,INFY,,2026-09-29,2026-09-29,1240.00,PE,INFY26SEP1240PE,249.90,249.90,235.00,241.60,241.60,225.00,1000.29,238.90,80800,-4000,26,15369920.00,19,F1,400,,,,,
2026-09-25,2026-09-25,FO,NSE,STO,115815,,INFY,,2026-09-29,2026-09-29,1360.00,CE,INFY26SEP1360CE,0.05,0.05,0.05,0.05,0.05,0.10,1000.29,0.00,114400,-15600,39,21216780.00,10,F1,400,,,,,
2026-09-25,2026-09-25,FO,NSE,STO,83363,,INFY,,2026-09-29,2026-09-29,900.00,PE,INFY26SEP900PE,0.70,0.80,0.20,0.30,0.25,0.30,1000.29,0.30,141600,54000,872,314060840.00,427,F1,400,,,,,
2026-09-25,2026-09-25,FO,NSE,STO,83365,,INFY,,2026-09-29,2026-09-29,940.00,PE,INFY26SEP940PE,1.00,1.85,0.35,0.40,0.40,0.65,1000.29,0.40,270400,-2400,3546,1334664940.00,1854,F1,400,,,,,
2026-09-25,2026-09-25,FO,NSE,STO,104732,,INFY,,2026-10-27,2026-10-27,1140.00,CE,INFY26OCT1140CE,6.00,6.00,4.90,5.10,5.15,7.00,1000.29,5.10,795200,136800,1172,536911100.00,824,F1,400,,,,,
2026-09-25,2026-09-25,FO,NSE,STO,83466,,INFY,,2026-10-27,2026-10-27,1200.00,CE,INFY26OCT1200CE,2.90,2.90,2.15,2.35,2.35,3.10,1000.29,2.35,1210400,75200,993,477615840.00,541,F1,400,,,,,
2026-09-25,2026-09-25,FO,NSE,STO,83486,,INFY,,2026-10-27,2026-10-27,1280.00,CE,INFY26OCT1280CE,1.00,1.00,0.90,1.00,0.95,1.25,1000.29,1.00,226400,7200,52,26644340.00,31,F1,400,,,,,
2026-09-25,2026-09-25,FO,NSE,STO,104774,,INFY,,2026-11-23,2026-11-23,880.00,CE,INFY26NOV880CE,0.00,0.00,0.00,281.30,0.00,281.30,1000.29,141.04,0,0,0,0.00,0,F1,400,,,,,
2026-09-25,2026-09-25,FO,NSE,STO,115803,,INFY,,2026-09-29,2026-09-29,1200.00,CE,INFY26SEP1200CE,0.10,0.20,0.05,0.10,0.10,0.15,1000.29,0.10,3956400,-259200,1386,665335460.00,332,F1,400,,,,,
2026-09-25,2026-09-25,FO,NSE,STO,115802,,INFY,,2026-09-29,2026-09-29,1160.00,PE,INFY26SEP1160PE,163.50,164.00,155.00,158.80,158.20,146.30,1000.29,158.80,429600,-3200,83,43760800.00,56,F1,400,,,,,
2026-09-25,2026-09-25,FO,NSE,STO,115786,,INFY,,2026-09-29,2026-09-29,1120.00,PE,INFY26SEP1120PE,125.50,125.50,114.40,119.55,119.75,107.40,1000.29,119.55,722800,-20000,176,87282160.00,164,F1,400,,,,,
2026-09-25,2026-09-25,FO,NSE,STO,115776,,INFY,,2026-09-29,2026-09-29,1080.00,PE,INFY26SEP1080PE,70.70,85.90,70.70,80.00,80.95,66.85,1000.29,80.00,1303200,-218000,1883,872726100.00,1849,F1,400,,,,,
2026-09-25,2026-09-25,FO,NSE,STO,104730,,INFY,,2026-10-27,2026-10-27,1100.00,CE,INFY26OCT1100CE,11.30,11.35,9.10,9.85,9.80,12.95,1000.29,9.85,2597600,540800,5424,2408245680.00,3317,F1,400,,,,,
2026-09-25,2026-09-25,FO,NSE,STO,83449,,INFY,,2026-10-27,2026-10-27,1040.00,CE,INFY26OCT1040CE,26.50,30.00,22.90,24.60,24.55,30.05,1000.29,24.60,1880800,193200,3511,1495141680.00,2633,F1,400,,,,,
2026-09-25,2026-09-25,FO,NSE,STO,83382,,INFY,,2026-09-29,2026-09-29,1300.00,CE,INFY26SEP1300CE,0.05,0.05,0.05,0.05,0.05,0.05,1000.29,0.05,285600,-31200,146,75922920.00,30,F1,400,,,,,
2026-09-25,2026-09-25,FO,NSE,STO,115777,,INFY,,2026-09-29,2026-09-29,1120.00,CE,INFY26SEP1120CE,0.25,0.35,0.15,0.30,0.25,0.30,1000.29,0.30,2768000,-92400,3543,1587645660.00,1031,F1,400,,,,,
2026-09-25,2026-09-25,FO,NSE,STO,115767,,INFY,,2026-09-29,2026-09-29,1040.00,CE,INFY26SEP1040CE,1.85,2.80,0.65,2.05,1.70,3.40,1000.29,2.05,3400400,-1030800,24355,10150500540.00,9801,F1,400,,,,,
2026-09-25,2026-09-25,FO,NSE,STO,115761,,INFY,,2026-09-29,2026-09-29,920.00,CE,INFY26SEP920CE,83.00,86.35,78.00,80.30,80.30,92.00,1000.29,80.30,68000,800,12,4809820.00,12,F1,400,,,,,
2026-09-25,2026-09-25,FO,NSE,STO,83467,,INFY,,2026-10-27,2026-10-27,1200.00,PE,INFY26OCT1200PE,195.35,200.00,189.40,193.70,193.50,182.45,1000.29,193.70,291200,46000,130,72536000.00,87,F1,400,,,,,
2026-09-25,2026-09-25,FO,NSE,STO,104723,,INFY,,2026-10-27,2026-10-27,980.00,PE,INFY26OCT980PE,26.80,31.00,24.30,26.40,26.80,22.60,1000.29,26.40,360000,148800,1777,716135060.00,1543,F1,400,,,,,
2026-09-25,2026-09-25,FO,NSE,STO,115812,,INFY,,2026-09-29,2026-09-29,1280.00,PE,INFY26SEP1280PE,282.00,285.00,275.00,280.00,280.00,268.00,1000.29,280.00,358400,-14400,47,29324760.00,32,F1,400,,,,,
2026-09-25,2026-09-25,FO,NSE,STO,83379,,INFY,,2026-09-29,2026-09-29,1220.00,PE,INFY26SEP1220PE,219.50,223.50,216.40,223.00,223.00,200.45,1000.29,218.92,95200,-2400,27,15566040.00,21,F1,400,,,,,
2026-09-25,2026-09-25,FO,NSE,STO,115816,,INFY,,2026-09-29,2026-09-29,1360.00,PE,INFY26SEP1360PE,359.75,363.20,353.80,359.50,359.75,345.75,1000.29,359.50,393600,-38000,233,160192600.00,114,F1,400,,,,,
2026-09-25,2026-09-25,FO,NSE,STO,83383,,INFY,,2026-09-29,2026-09-29,1300.00,PE,INFY26SEP1300PE,301.35,302.10,294.00,299.65,299.50,287.00,1000.29,299.65,146400,-14000,37,23642520.00,20,F1,400,,,,,
2026-09-25,2026-09-25,FO,NSE,STO,104777,,INFY,,2026-11-23,2026-11-23,920.00,PE,INFY26NOV920PE,15.95,16.95,13.80,15.90,15.90,12.00,1000.29,15.90,98000,8000,139,51990760.00,119,F1,400,,,,,
2026-09-25,2026-09-25,FO,NSE,STO,104739,,INFY,,2026-10-27,2026-10-27,1260.00,PE,INFY26OCT1260PE,0.00,0.00,0.00,235.00,235.00,235.00,1000.29,253.44,3600,0,0,0.00,0,F1,400,,,,,
2026-09-25,2026-09-25,FO,NSE,STO,104781,,INFY,,2026-11-23,2026-11-23,1000.00,PE,INFY26NOV1000PE,45.65,47.00,40.00,42.80,42.75,37.20,1000.29,42.80,141200,18000,116,48389520.00,96,F1,400,,,,,
2026-09-25,2026-09-25,FO,NSE,STO,104788,,INFY,,2026-11-23,2026-11-23,1120.00,CE,INFY26NOV1120CE,15.15,16.90,14.95,14.95,14.95,17.15,1000.29,14.95,44800,8800,36,16355540.00,34,F1,400,,,,,
2026-09-25,2026-09-25,FO,NSE,STO,104778,,INFY,,2026-11-23,2026-11-23,960.00,CE,INFY26NOV960CE,94.00,94.00,94.00,94.00,94.00,211.10,1000.29,84.10,800,400,1,421600.00,1,F1,400,,,,,
2026-09-25,2026-09-25,FO,NSE,STO,115811,,INFY,,2026-09-29,2026-09-29,1280.00,CE,INFY26SEP1280CE,0.05,0.05,0.05,0.05,0.05,0.05,1000.29,0.00,473600,-2000,93,47617860.00,22,F1,400,,,,,
2026-09-25,2026-09-25,FO,NSE,STO,83380,,INFY,,2026-09-29,2026-09-29,1260.00,CE,INFY26SEP1260CE,0.05,0.10,0.05,0.05,0.05,0.05,1000.29,0.05,427200,-14400,101,50906260.00,40,F1,400,,,,,
2026-09-25,2026-09-25,FO,NSE,STO,115787,,INFY,,2026-09-29,2026-09-29,1160.00,CE,INFY26SEP1160CE,0.05,0.25,0.05,0.15,0.10,0.10,1000.29,0.15,2317600,-925200,3832,1778244620.00,2330,F1,400,,,,,
2026-09-25,2026-09-25,FO,NSE,STO,115808,,INFY,,2026-09-29,2026-09-29,1200.00,PE,INFY26SEP1200PE,207.20,207.20,193.60,200.00,200.00,188.85,1000.29,200.00,617200,-30800,193,108002460.00,164,F1,400,,,,,
2026-09-25,2026-09-25,FO,NSE,STO,83468,,INFY,,2026-10-27,2026-10-27,1240.00,CE,INFY26OCT1240CE,1.80,1.80,1.30,1.50,1.50,1.80,1000.29,1.50,109600,-17600,162,80448840.00,93,F1,400,,,,,
2026-09-25,2026-09-25,FO,NSE,STF,61608,,INFY,,2026-11-23,2026-11-23,,,INFY26NOVFUT,1016.30,1018.00,1003.20,1010.20,1010.00,1022.80,1000.29,1010.20,1395200,273200,1041,420318600.00,967,F1,400,,,,,
2026-09-25,2026-09-25,FO,NSE,STO,104786,,INFY,,2026-11-23,2026-11-23,1080.00,CE,INFY26NOV1080CE,24.80,24.95,23.05,23.05,23.05,27.00,1000.29,30.80,27600,5600,22,9715420.00,14,F1,400,,,,,
2026-09-25,2026-09-25,FO,NSE,STO,83369,,INFY,,2026-09-29,2026-09-29,1020.00,PE,INFY26SEP1020PE,20.30,30.00,18.80,23.40,23.45,14.80,1000.29,23.40,1060800,-222800,6793,2836181420.00,6402,F1,400,,,,,
2026-09-25,2026-09-25,FO,NSE,STO,104808,,INFY,,2026-11-23,2026-11-23,1200.00,CE,INFY26NOV1200CE,7.05,7.80,6.25,6.45,6.90,7.70,1000.29,6.45,151200,24400,132,63729320.00,102,F1,400,,,,,
2026-09-25,2026-09-25,FO,NSE,STO,83487,,INFY,,2026-10-27,2026-10-27,1280.00,PE,INFY26OCT1280PE,273.00,279.00,269.00,271.00,271.00,262.00,1000.29,271.00,85200,12400,33,20499360.00,25,F1,400,,,,,
2026-09-25,2026-09-25,FO,NSE,STO,104735,,INFY,,2026-10-27,2026-10-27,1180.00,PE,INFY26OCT1180PE,186.00,186.00,171.00,173.95,173.45,160.00,1000.29,173.95,39200,3200,25,13543780.00,14,F1,400,,,,,
2026-09-25,2026-09-25,FO,NSE,STO,104731,,INFY,,2026-10-27,2026-10-27,1100.00,PE,INFY26OCT1100PE,97.90,110.00,97.90,102.50,102.00,93.75,1000.29,102.50,508400,41600,170,81851100.00,115,F1,400,,,,,
2026-09-25,2026-09-25,FO,NSE,STO,115814,,INFY,,2026-09-29,2026-09-29,1320.00,PE,INFY26SEP1320PE,319.00,319.60,319.00,319.45,319.60,302.00,1000.29,319.45,31200,-1600,4,2623120.00,2,F1,400,,,,,
2026-09-25,2026-09-25,FO,NSE,STO,104780,,INFY,,2026-11-23,2026-11-23,1000.00,CE,INFY26NOV1000CE,54.30,57.00,52.60,54.90,55.00,61.95,1000.29,54.90,28000,25600,86,36287640.00,80,F1,400,,,,,
2026-09-25,2026-09-25,FO,NSE,STO,83488,,INFY,,2026-10-27,2026-10-27,1320.00,CE,INFY26OCT1320CE,0.65,0.75,0.60,0.75,0.75,0.80,1000.29,0.19,116400,-4800,106,55995180.00,24,F1,400,,,,,
2026-09-25,2026-09-25,FO,NSE,STO,104789,,INFY,,2026-11-23,2026-11-23,1120.00,PE,INFY26NOV1120PE,120.00,120.00,120.00,120.00,120.00,59.75,1000.29,129.17,800,800,2,992000.00,1,F1,400,,,,,
2026-09-25,2026-09-25,FO,NSE,STO,83457,,INFY,,2026-10-27,2026-10-27,1160.00,CE,INFY26OCT1160CE,4.40,4.55,3.45,3.95,3.85,5.40,1000.29,3.95,422400,27600,795,370181600.00,420,F1,400,,,,,
2026-09-25,2026-09-25,FO,NSE,STO,83376,,INFY,,2026-09-29,2026-09-29,1180.00,CE,INFY26SEP1180CE,0.10,0.10,0.05,0.10,0.05,0.15,1000.29,0.10,1250000,-26000,351,165681700.00,89,F1,400,,,,,
2026-09-25,2026-09-25,FO,NSE,STO,104779,,INFY,,2026-11-23,2026-11-23,960.00,PE,INFY26NOV960PE,29.60,29.60,24.50,26.45,26.45,23.55,1000.29,26.45,138400,38400,152,59992840.00,86,F1,400,,,,,
2026-09-25,2026-09-25,FO,NSE,STO,83450,,INFY,,2026-10-27,2026-10-27,1040.00,PE,INFY26OCT1040PE,58.70,64.10,55.30,57.75,58.80,51.45,1000.29,57.75,1258000,21600,510,224125260.00,365,F1,400,,,,,
2026-09-25,2026-09-25,FO,NSE,STO,83446,,INFY,,2026-10-27,2026-10-27,1000.00,PE,INFY26OCT1000PE,37.05,40.50,32.90,35.20,35.10,30.50,1000.29,35.20,1644800,634400,4411,1828235600.00,3843,F1,400,,,,,
2026-09-25,2026-09-25,FO,NSE,STO,83375,,INFY,,2026-09-29,2026-09-29,1140.00,PE,INFY26SEP1140PE,146.00,146.05,134.45,139.45,139.45,126.35,1000.29,139.45,805600,-10400,84,42982080.00,73,F1,400,,,,,
2026-09-25,2026-09-25,FO,NSE,STO,104718,,INFY,,2026-10-27,2026-10-27,940.00,PE,INFY26OCT940PE,11.85,16.60,11.85,14.00,14.15,11.75,1000.29,14.00,558800,102800,894,341315060.00,728,F1,400,,,,,
