TradDt,BizDt,Sgmt,Src,FinInstrmTp,FinInstrmId,ISIN,TckrSymb,SctySrs,XpryDt,FininstrmActlXpryDt,StrkPric,OptnTp,FinInstrmNm,OpnPric,HghPric,LwPric,ClsPric,LastPric,PrvsClsgPric,UndrlygPric,SttlmPric,OpnIntrst,ChngInOpnIntrst,TtlTradgVol,TtlTrfVal,TtlNbOfTxsExctd,SsnId,NewBrdLotQty,Rmks,Rsvd1,Rsvd2,Rsvd3,Rsvd4
2026-03-05,2026-03-05,FO,NSE,STO,96258,,CANBK,,2026-04-28,2026-04-28,176.00,PE,CANBK26APR176PE,0.00,0.00,0.00,23.01,0.00,23.01,148.50,26.75,0,0,0,0.00,0,F1,6750,,,,,
2026-03-05,2026-03-05,FO,NSE,STO,96256,,CANBK,,2026-04-28,2026-04-28,174.00,PE,CANBK26APR174PE,0.00,0.00,0.00,21.52,0.00,21.52,148.50,24.92,0,0,0,0.00,0,F1,6750,,,,,
2026-03-05,2026-03-05,FO,NSE,STO,96252,,CANBK,,2026-04-28,2026-04-28,170.00,PE,CANBK26APR170PE,0.00,0.00,0.00,14.00,14.00,14.00,148.50,21.36,54000,0,0,0.00,0,F1,6750,,,,,
2026-03-05,2026-03-05,FO,NSE,STO,91683,,CANBK,,2026-04-28,2026-04-28,165.00,PE,CANBK26APR165PE,0.00,0.00,0.00,10.75,10.75,10.75,148.50,17.16,33750,0,0,0.00,0,F1,6750,,,,,
2026-03-05,2026-03-05,FO,NSE,STO,96244,,CANBK,,2026-04-28,2026-04-28,164.00,PE,CANBK26APR164PE,0.00,0.00,0.00,14.69,0.00,14.69,148.50,16.35,0,0,0,0.00,0,F1,6750,,,,,
2026-03-05,2026-03-05,FO,NSE,STO,96242,,CANBK,,2026-04-28,2026-04-28,162.00,PE,CANBK26APR162PE,0.00,0.00,0.00,13.48,0.00,13.48,148.50,14.79,0,0,0,0.00,0,F1,6750,,,,,
2026-03-05,2026-03-05,FO,NSE,STO,96240,,CANBK,,2026-04-28,2026-04-28,160.00,PE,CANBK26APR160PE,0.00,0.00,0.00,9.07,9.07,9.07,148.50,13.29,195750,0,0,0.00,0,F1,6750,,,,,
2026-03-05,2026-03-05,FO,NSE,STO,91675,,CANBK,,2026-04-28,2026-04-28,159.00,PE,CANBK26APR159PE,0.00,0.00,0.00,9.36,0.00,9.36,148.50,12.57,0,0,0,0.00,0,F1,6750,,,,,
2026-03-05,2026-03-05,FO,NSE,STO,96238,,CANBK,,2026-04-28,2026-04-28,158.00,PE,CANBK26APR158PE,0.00,0.00,0.00,5.30,5.30,5.30,148.50,11.87,33750,0,0,0.00,0,F1,6750,,,,,
2026-03-05,2026-03-05,FO,NSE,STO,91673,,CANBK,,2026-04-28,2026-04-28,157.00,PE,CANBK26APR157PE,0.00,0.00,0.00,8.34,0.00,8.34,148.50,11.18,0,0,0,0.00,0,F1,6750,,,,,
2026-03-05,2026-03-05,FO,NSE,STO,96235,,CANBK,,2026-04-28,2026-04-28,156.00,PE,CANBK26APR156PE,0.00,0.00,0.00,7.00,7.00,7.00,148.50,10.52,20250,0,0,0.00,0,F1,6750,,,,,
2026-03-05,2026-03-05,FO,NSE,STO,91671,,CANBK,,2026-04-28,2026-04-28,155.00,PE,CANBK26APR155PE,0.00,0.00,0.00,10.75,10.75,10.75,148.50,9.87,74250,0,0,0.00,0,F1,6750,,,,,
2026-03-05,2026-03-05,FO,NSE,STO,96233,,CANBK,,2026-04-28,2026-04-28,154.00,PE,CANBK26APR154PE,0.00,0.00,0.00,10.24,10.24,10.24,148.50,9.25,40500,0,0,0.00,0,F1,6750,,,,,
2026-03-05,2026-03-05,FO,NSE,STO,91663,,CANBK,,2026-04-28,2026-04-28,153.00,PE,CANBK26APR153PE,0.00,0.00,0.00,6.51,0.00,6.51,148.50,8.64,0,0,0,0.00,0,F1,6750,,,,,
2026-03-05,2026-03-05,FO,NSE,STO,91661,,CANBK,,2026-04-28,2026-04-28,151.00,PE,CANBK26APR151PE,0.00,0.00,0.00,5.70,0.00,5.70,148.50,7.50,0,0,0,0.00,0,F1,6750,,,,,
2026-03-05,2026-03-05,FO,NSE,STO,96228,,CANBK,,2026-04-28,2026-04-28,150.00,PE,CANBK26APR150PE,6.91,7.50,6.00,6.36,6.46,8.25,148.50,6.36,621000,0,11,11618910.00,8,F1,6750,,,,,
2026-03-05,2026-03-05,FO,NSE,STO,91659,,CANBK,,2026-04-28,2026-04-28,149.00,PE,CANBK26APR149PE,0.00,0.00,0.00,4.95,0.00,4.95,148.50,6.45,0,0,0,0.00,0,F1,6750,,,,,
2026-03-05,2026-03-05,FO,NSE,STO,96225,,CANBK,,2026-04-28,2026-04-28,148.00,PE,CANBK26APR148PE,0.00,0.00,0.00,6.55,0.00,6.55,148.50,5.96,0,0,0,0.00,0,F1,6750,,,,,
2026-03-05,2026-03-05,FO,NSE,STO,91656,,CANBK,,2026-04-28,2026-04-28,147.00,PE,CANBK26APR147PE,0.00,0.00,0.00,4.27,0.00,4.27,148.50,5.50,0,0,0,0.00,0,F1,6750,,,,,
2026-03-05,2026-03-05,FO,NSE,STO,96221,,CANBK,,2026-04-28,2026-04-28,146.00,PE,CANBK26APR146PE,5.50,5.50,5.50,5.50,5.50,5.50,148.50,5.05,20250,6750,1,1022625.00,1,F1,6750,,,,,
2026-03-05,2026-03-05,FO,NSE,STO,91654,,CANBK,,2026-04-28,2026-04-28,145.00,PE,CANBK26APR145PE,5.25,5.50,5.25,5.50,5.50,3.66,148.50,4.63,13500,13500,2,2030062.50,2,F1,6750,,,,,
2026-03-05,2026-03-05,FO,NSE,STO,96181,,CANBK,,2026-04-28,2026-04-28,144.00,PE,CANBK26APR144PE,5.38,5.38,5.38,5.38,5.38,4.75,148.50,4.23,13500,0,1,1008315.00,1,F1,6750,,,,,
2026-03-05,2026-03-05,FO,NSE,STO,91652,,CANBK,,2026-04-28,2026-04-28,143.00,PE,CANBK26APR143PE,0.00,0.00,0.00,3.11,0.00,3.11,148.50,3.86,0,0,0,0.00,0,F1,6750,,,,,
2026-03-05,2026-03-05,FO,NSE,STO,91648,,CANBK,,2026-04-28,2026-04-28,139.00,PE,CANBK26APR139PE,0.00,0.00,0.00,2.19,0.00,2.19,148.50,2.58,0,0,0,0.00,0,F1,6750,,,,,
2026-03-05,2026-03-05,FO,NSE,STO,96175,,CANBK,,2026-04-28,2026-04-28,138.00,PE,CANBK26APR138PE,2.90,2.90,2.90,2.90,2.90,2.91,148.50,2.31,101250,0,1,951075.00,1,F1,6750,,,,,
2026-03-05,2026-03-05,FO,NSE,STO,91645,,CANBK,,2026-04-28,2026-04-28,137.00,PE,CANBK26APR137PE,0.00,0.00,0.00,1.81,0.00,1.81,148.50,2.07,0,0,0,0.00,0,F1,6750,,,,,
2026-03-05,2026-03-05,FO,NSE,STO,96125,,CANBK,,2026-04-28,2026-04-28,136.00,PE,CANBK26APR136PE,0.00,0.00,0.00,2.87,0.00,2.87,148.50,1.84,0,0,0,0.00,0,F1,6750,,,,,
2026-03-05,2026-03-05,FO,NSE,STO,91637,,CANBK,,2026-04-28,2026-04-28,135.00,PE,CANBK26APR135PE,0.00,0.00,0.00,1.48,0.00,1.48,148.50,1.63,0,0,0,0.00,0,F1,6750,,,,,
2026-03-05,2026-03-05,FO,NSE,STO,96122,,CANBK,,2026-04-28,2026-04-28,134.00,PE,CANBK26APR134PE,0.00,0.00,0.00,1.80,1.80,1.80,148.50,1.44,6750,0,0,0.00,0,F1,6750,,,,,
2026-03-05,2026-03-05,FO,NSE,STO,91632,,CANBK,,2026-04-28,2026-04-28,133.00,PE,CANBK26APR133PE,0.00,0.00,0.00,1.20,0.00,1.20,148.50,1.27,0,0,0,0.00,0,F1,6750,,,,,
2026-03-05,2026-03-05,FO,NSE,STO,91621,,CANBK,,2026-04-28,2026-04-28,131.00,PE,CANBK26APR131PE,0.00,0.00,0.00,0.96,0.00,0.96,148.50,0.97,0,0,0,0.00,0,F1,6750,,,,,
2026-03-05,2026-03-05,FO,NSE,STO,96062,,CANBK,,2026-04-28,2026-04-28,130.00,PE,CANBK26APR130PE,0.00,0.00,0.00,1.73,0.00,1.73,148.50,0.85,0,0,0,0.00,0,F1,6750,,,,,
2026-03-05,2026-03-05,FO,NSE,STO,91619,,CANBK,,2026-04-28,2026-04-28,129.00,PE,CANBK26APR129PE,0.00,0.00,0.00,0.76,0.00,0.76,148.50,0.73,0,0,0,0.00,0,F1,6750,,,,,
2026-03-05,2026-03-05,FO,NSE,STO,96060,,CANBK,,2026-04-28,2026-04-28,128.00,PE,CANBK26APR128PE,0.00,0.00,0.00,1.43,0.00,1.43,148.50,0.63,0,0,0,0.00,0,F1,6750,,,,,
2026-03-05,2026-03-05,FO,NSE,STO,91615,,CANBK,,2026-04-28,2026-04-28,125.00,PE,CANBK26APR125PE,0.00,0.00,0.00,0.46,0.00,0.46,148.50,0.39,0,0,0,0.00,0,F1,6750,,,,,
2026-03-05,2026-03-05,FO,NSE,STO,91613,,CANBK,,2026-04-28,2026-04-28,123.00,PE,CANBK26APR123PE,0.00,0.00,0.00,0.35,0.00,0.35,148.50,0.28,0,0,0,0.00,0,F1,6750,,,,,
2026-03-05,2026-03-05,FO,NSE,STO,83799,,CANBK,,2026-03-30,2026-03-30,180.00,PE,CANBK26MAR180PE,0.00,0.00,0.00,31.37,31.37,31.37,148.50,30.86,162000,0,0,0.00,0,F1,6750,,,,,
2026-03-05,2026-03-05,FO,NSE,STO,83797,,CANBK,,2026-03-30,2026-03-30,178.00,PE,CANBK26MAR178PE,0.00,0.00,0.00,25.25,0.00,25.25,148.50,28.88,0,0,0,0.00,0,F1,6750,,,,,
2026-03-05,2026-03-05,FO,NSE,STO,83795,,CANBK,,2026-03-30,2026-03-30,176.00,PE,CANBK26MAR176PE,0.00,0.00,0.00,23.70,0.00,23.70,148.50,26.92,0,0,0,0.00,0,F1,6750,,,,,
2026-03-05,2026-03-05,FO,NSE,STO,95884,,CANBK,,2026-03-30,2026-03-30,175.00,PE,CANBK26MAR175PE,0.00,0.00,0.00,27.00,27.00,27.00,148.50,25.94,67500,0,0,0.00,0,F1,6750,,,,,
2026-03-05,2026-03-05,FO,NSE,STO,83777,,CANBK,,2026-03-30,2026-03-30,172.00,PE,CANBK26MAR172PE,0.00,0.00,0.00,20.71,0.00,20.71,148.50,23.02,0,0,0,0.00,0,F1,6750,,,,,
2026-03-05,2026-03-05,FO,NSE,STO,95871,,CANBK,,2026-03-30,2026-03-30,171.00,PE,CANBK26MAR171PE,0.00,0.00,0.00,18.28,0.00,18.28,148.50,22.06,0,0,0,0.00,0,F1,6750,,,,,
2026-03-05,2026-03-05,FO,NSE,STO,83771,,CANBK,,2026-03-30,2026-03-30,168.00,PE,CANBK26MAR168PE,0.00,0.00,0.00,18.31,18.31,18.31,148.50,19.21,6750,0,0,0.00,0,F1,6750,,,,,
2026-03-05,2026-03-05,FO,NSE,STO,95840,,CANBK,,2026-03-30,2026-03-30,167.00,PE,CANBK26MAR167PE,0.00,0.00,0.00,10.10,10.10,10.10,148.50,18.28,135000,0,0,0.00,0,F1,6750,,,,,
2026-03-05,2026-03-05,FO,NSE,STO,95838,,CANBK,,2026-03-30,2026-03-30,165.00,PE,CANBK26MAR165PE,17.00,18.55,15.50,16.21,16.40,18.27,148.50,16.21,1080000,-2092500,426,525184695.00,184,F1,6750,,,,,
2026-03-05,2026-03-05,FO,NSE,STO,95836,,CANBK,,2026-03-30,2026-03-30,163.00,PE,CANBK26MAR163PE,0.00,0.00,0.00,15.80,15.80,15.80,148.50,14.66,1201500,0,0,0.00,0,F1,6750,,,,,
2026-03-05,2026-03-05,FO,NSE,STO,95834,,CANBK,,2026-03-30,2026-03-30,161.00,PE,CANBK26MAR161PE,0.00,0.00,0.00,9.00,9.00,9.00,148.50,12.93,445500,0,0,0.00,0,F1,6750,,,,,
2026-03-05,2026-03-05,FO,NSE,STO,95832,,CANBK,,2026-03-30,2026-03-30,159.00,PE,CANBK26MAR159PE,11.50,13.04,10.95,10.95,10.95,12.70,148.50,11.29,1093500,-13500,11,12677647.50,11,F1,6750,,,,,
2026-03-05,2026-03-05,FO,NSE,STO,83715,,CANBK,,2026-03-30,2026-03-30,158.00,PE,CANBK26MAR158PE,10.80,12.84,9.45,10.56,10.90,12.06,148.50,10.56,1525500,-27000,17,19455187.50,14,F1,6750,,,,,
2026-03-05,2026-03-05,FO,NSE,STO,95830,,CANBK,,2026-03-30,2026-03-30,157.00,PE,CANBK26MAR157PE,9.07,11.50,9.04,11.50,11.50,11.37,148.50,9.73,1998000,-87750,28,31547272.50,22,F1,6750,,,,,
2026-03-05,2026-03-05,FO,NSE,STO,95828,,CANBK,,2026-03-30,2026-03-30,155.00,PE,CANBK26MAR155PE,8.97,10.39,7.40,8.59,8.30,10.00,148.50,8.59,3962250,-128250,174,192505275.00,123,F1,6750,,,,,
2026-03-05,2026-03-05,FO,NSE,STO,91698,,CANBK,,2026-04-28,2026-04-28,171.00,PE,CANBK26APR171PE,0.00,0.00,0.00,16.81,0.00,16.81,148.50,22.24,0,0,0,0.00,0,F1,6750,,,,,
2026-03-05,2026-03-05,FO,NSE,STO,91692,,CANBK,,2026-04-28,2026-04-28,169.00,PE,CANBK26APR169PE,0.00,0.00,0.00,15.42,0.00,15.42,148.50,20.50,0,0,0,0.00,0,F1,6750,,,,,
2026-03-05,2026-03-05,FO,NSE,STO,96250,,CANBK,,2026-04-28,2026-04-28,168.00,PE,CANBK26APR168PE,0.00,0.00,0.00,17.28,0.00,17.28,148.50,19.64,0,0,0,0.00,0,F1,6750,,,,,
2026-03-05,2026-03-05,FO,NSE,STO,91690,,CANBK,,2026-04-28,2026-04-28,167.00,PE,CANBK26APR167PE,0.00,0.00,0.00,10.50,10.50,10.50,148.50,18.80,6750,0,0,0.00,0,F1,6750,,,,,
2026-03-05,2026-03-05,FO,NSE,STO,96246,,CANBK,,2026-04-28,2026-04-28,166.00,PE,CANBK26APR166PE,0.00,0.00,0.00,15.96,0.00,15.96,148.50,17.97,0,0,0,0.00,0,F1,6750,,,,,
2026-03-05,2026-03-05,FO,NSE,STO,91679,,CANBK,,2026-04-28,2026-04-28,163.00,PE,CANBK26APR163PE,0.00,0.00,0.00,11.60,0.00,11.60,148.50,15.56,0,0,0,0.00,0,F1,6750,,,,,
2026-03-05,2026-03-05,FO,NSE,STO,91677,,CANBK,,2026-04-28,2026-04-28,161.00,PE,CANBK26APR161PE,0.00,0.00,0.00,10.45,0.00,10.45,148.50,14.03,0,0,0,0.00,0,F1,6750,,,,,
2026-03-05,2026-03-05,FO,NSE,STO,96230,,CANBK,,2026-04-28,2026-04-28,152.00,PE,CANBK26APR152PE,0.00,0.00,0.00,8.80,8.80,8.80,148.50,8.06,20250,0,0,0.00,0,F1,6750,,,,,
2026-03-05,2026-03-05,FO,NSE,STO,96179,,CANBK,,2026-04-28,2026-04-28,142.00,PE,CANBK26APR142PE,0.00,0.00,0.00,4.46,0.00,4.46,148.50,3.50,0,0,0,0.00,0,F1,6750,,,,,
2026-03-05,2026-03-05,FO,NSE,STO,91650,,CANBK,,2026-04-28,2026-04-28,141.00,PE,CANBK26APR141PE,0.00,0.00,0.00,2.62,0.00,2.62,148.50,3.17,0,0,0,0.00,0,F1,6750,,,,,
2026-03-05,2026-03-05,FO,NSE,STO,96177,,CANBK,,2026-04-28,2026-04-28,140.00,PE,CANBK26APR140PE,3.15,3.65,2.50,2.55,2.55,3.54,148.50,2.87,1053000,54000,33,31921492.50,30,F1,6750,,,,,
2026-03-05,2026-03-05,FO,NSE,STO,96096,,CANBK,,2026-04-28,2026-04-28,132.00,PE,CANBK26APR132PE,0.00,0.00,0.00,2.06,0.00,2.06,148.50,1.11,0,0,0,0.00,0,F1,6750,,,,,
2026-03-05,2026-03-05,FO,NSE,STO,91617,,CANBK,,2026-04-28,2026-04-28,127.00,PE,CANBK26APR127PE,0.00,0.00,0.00,0.60,0.00,0.60,148.50,0.54,0,0,0,0.00,0,F1,6750,,,,,
2026-03-05,2026-03-05,FO,NSE,STO,96058,,CANBK,,2026-04-28,2026-04-28,126.00,PE,CANBK26APR126PE,0.00,0.00,0.00,1.18,0.00,1.18,148.50,0.46,0,0,0,0.00,0,F1,6750,,,,,
2026-03-05,2026-03-05,FO,NSE,STO,96056,,CANBK,,2026-04-28,2026-04-28,124.00,PE,CANBK26APR124PE,0.00,0.00,0.00,0.96,0.00,0.96,148.50,0.33,0,0,0,0.00,0,F1,6750,,,,,
2026-03-05,2026-03-05,FO,NSE,STO,95749,,CANBK,,2026-03-30,2026-03-30,151.00,PE,CANBK26MAR151PE,5.90,7.11,4.94,5.57,5.85,7.31,148.50,5.57,3051000,2511000,509,541553512.50,176,F1,6750,,,,,
2026-03-05,2026-03-05,FO,NSE,STO,83696,,CANBK,,2026-03-30,2026-03-30,152.00,PE,CANBK26MAR152PE,6.35,8.19,6.06,6.06,6.06,7.84,148.50,6.06,2504250,978750,292,314114827.50,100,F1,6750,,,,,
2026-03-05,2026-03-05,FO,NSE,STO,91914,,CANBK,,2026-05-26,2026-05-26,124.00,PE,CANBK26MAY124PE,0.00,0.00,0.00,0.87,0.00,0.87,148.50,0.77,0,0,0,0.00,0,F1,6750,,,,,
2026-03-05,2026-03-05,FO,NSE,STO,91924,,CANBK,,2026-05-26,2026-05-26,128.00,PE,CANBK26MAY128PE,0.00,0.00,0.00,1.29,0.00,1.29,148.50,1.24,0,0,0,0.00,0,F1,6750,,,,,
2026-03-05,2026-03-05,FO,NSE,STO,91938,,CANBK,,2026-05-26,2026-05-26,130.00,PE,CANBK26MAY130PE,0.00,0.00,0.00,1.56,0.00,1.56,148.50,1.55,0,0,0,0.00,0,F1,6750,,,,,
2026-03-05,2026-03-05,FO,NSE,STO,83793,,CANBK,,2026-03-30,2026-03-30,174.00,PE,CANBK26MAR174PE,0.00,0.00,0.00,22.19,0.00,22.19,148.50,24.96,0,0,0,0.00,0,F1,6750,,,,,
2026-03-05,2026-03-05,FO,NSE,STO,83692,,CANBK,,2026-03-30,2026-03-30,148.00,PE,CANBK26MAR148PE,4.80,5.83,3.70,4.15,4.22,5.55,148.50,4.15,2160000,-634500,609,628457737.50,420,F1,6750,,,,,
2026-03-05,2026-03-05,FO,NSE,STO,95736,,CANBK,,2026-03-30,2026-03-30,147.00,PE,CANBK26MAR147PE,3.81,5.29,3.25,3.81,3.75,5.08,148.50,3.81,1471500,195750,563,575917560.00,402,F1,6750,,,,,
2026-03-05,2026-03-05,FO,NSE,STO,95734,,CANBK,,2026-03-30,2026-03-30,145.00,PE,CANBK26MAR145PE,3.56,4.35,2.60,2.91,3.08,4.20,148.50,2.91,6777000,2038500,1541,1546348522.50,1167,F1,6750,,,,,
2026-03-05,2026-03-05,FO,NSE,STO,91978,,CANBK,,2026-05-26,2026-05-26,160.00,PE,CANBK26MAY160PE,0.00,0.00,0.00,11.33,0.00,11.33,148.50,14.26,0,0,0,0.00,0,F1,6750,,,,,
2026-03-05,2026-03-05,FO,NSE,STF,51837,,CANBK,,2026-03-30,2026-03-30,,,CANBK26MARFUT,148.65,150.30,146.42,149.19,149.15,147.57,148.50,149.19,155904750,1802250,8804,8812981912.50,7197,F1,6750,,,,,
2026-03-05,2026-03-05,FO,NSE,STF,66737,,CANBK,,2026-04-28,2026-04-28,,,CANBK26APRFUT,150.28,151.15,147.37,150.14,150.02,148.42,148.50,150.14,7350750,1086750,691,697326705.00,664,F1,6750,,,,,
2026-03-05,2026-03-05,FO,NSE,STO,83656,,CANBK,,2026-03-30,2026-03-30,120.00,CE,CANBK26MAR120CE,0.00,0.00,0.00,28.00,28.00,28.00,148.50,28.96,13500,0,0,0.00,0,F1,6750,,,,,
2026-03-05,2026-03-05,FO,NSE,STO,83660,,CANBK,,2026-03-30,2026-03-30,124.00,CE,CANBK26MAR124CE,0.00,0.00,0.00,32.94,0.00,32.94,148.50,25.00,0,0,0,0.00,0,F1,6750,,,,,
2026-03-05,2026-03-05,FO,NSE,STO,95591,,CANBK,,2026-03-30,2026-03-30,127.00,CE,CANBK26MAR127CE,0.00,0.00,0.00,29.72,0.00,29.72,148.50,22.06,0,0,0,0.00,0,F1,6750,,,,,
2026-03-05,2026-03-05,FO,NSE,STO,95595,,CANBK,,2026-03-30,2026-03-30,131.00,CE,CANBK26MAR131CE,0.00,0.00,0.00,26.17,0.00,26.17,148.50,18.22,0,0,0,0.00,0,F1,6750,,,,,
2026-03-05,2026-03-05,FO,NSE,STO,83668,,CANBK,,2026-03-30,2026-03-30,132.00,CE,CANBK26MAR132CE,0.00,0.00,0.00,26.88,26.88,26.88,148.50,17.28,33750,0,0,0.00,0,F1,6750,,,,,
2026-03-05,2026-03-05,FO,NSE,STO,95597,,CANBK,,2026-03-30,2026-03-30,133.00,CE,CANBK26MAR133CE,0.00,0.00,0.00,24.46,0.00,24.46,148.50,16.36,0,0,0,0.00,0,F1,6750,,,,,
2026-03-05,2026-03-05,FO,NSE,STO,83670,,CANBK,,2026-03-30,2026-03-30,134.00,CE,CANBK26MAR134CE,0.00,0.00,0.00,15.30,15.30,15.30,148.50,15.45,6750,0,0,0.00,0,F1,6750,,,,,
2026-03-05,2026-03-05,FO,NSE,STO,95599,,CANBK,,2026-03-30,2026-03-30,135.00,CE,CANBK26MAR135CE,0.00,0.00,0.00,14.75,14.75,14.75,148.50,14.55,20250,0,0,0.00,0,F1,6750,,,,,
2026-03-05,2026-03-05,FO,NSE,STO,83672,,CANBK,,2026-03-30,2026-03-30,136.00,CE,CANBK26MAR136CE,0.00,0.00,0.00,23.15,0.00,23.15,148.50,13.67,0,0,0,0.00,0,F1,6750,,,,,
2026-03-05,2026-03-05,FO,NSE,STO,95603,,CANBK,,2026-03-30,2026-03-30,139.00,CE,CANBK26MAR139CE,0.00,0.00,0.00,19.62,0.00,19.62,148.50,11.17,0,0,0,0.00,0,F1,6750,,,,,
2026-03-05,2026-03-05,FO,NSE,STO,95605,,CANBK,,2026-03-30,2026-03-30,141.00,CE,CANBK26MAR141CE,8.99,9.07,8.99,9.07,9.07,9.45,148.50,9.62,209250,87750,13,13162162.50,13,F1,6750,,,,,
2026-03-05,2026-03-05,FO,NSE,STO,95690,,CANBK,,2026-03-30,2026-03-30,143.00,CE,CANBK26MAR143CE,9.18,9.25,7.61,7.75,7.75,8.05,148.50,8.19,546750,290250,48,48842122.50,18,F1,6750,,,,,
2026-03-05,2026-03-05,FO,NSE,STO,83687,,CANBK,,2026-03-30,2026-03-30,144.00,CE,CANBK26MAR144CE,7.88,8.06,6.41,7.97,7.79,7.55,148.50,7.97,661500,627750,126,128490637.50,52,F1,6750,,,,,
2026-03-05,2026-03-05,FO,NSE,STO,83689,,CANBK,,2026-03-30,2026-03-30,146.00,CE,CANBK26MAR146CE,7.43,7.45,5.30,6.55,6.40,6.26,148.50,6.55,459000,121500,127,130275877.50,110,F1,6750,,,,,
2026-03-05,2026-03-05,FO,NSE,STO,95735,,CANBK,,2026-03-30,2026-03-30,147.00,CE,CANBK26MAR147CE,5.77,6.85,4.70,5.90,5.84,5.73,148.50,5.90,1599750,796500,487,501202822.50,333,F1,6750,,,,,
2026-03-05,2026-03-05,FO,NSE,STO,83693,,CANBK,,2026-03-30,2026-03-30,150.00,CE,CANBK26MAR150CE,4.98,5.23,3.36,4.30,4.24,4.26,148.50,4.30,7715250,1080000,2822,2937632197.50,2252,F1,6750,,,,,
2026-03-05,2026-03-05,FO,NSE,STO,95748,,CANBK,,2026-03-30,2026-03-30,151.00,CE,CANBK26MAR151CE,4.55,4.68,2.99,3.82,3.72,3.86,148.50,3.82,2443500,2045250,697,727031970.00,413,F1,6750,,,,,
2026-03-05,2026-03-05,FO,NSE,STO,83695,,CANBK,,2026-03-30,2026-03-30,152.00,CE,CANBK26MAR152CE,3.99,4.23,2.64,3.39,3.30,3.50,148.50,3.39,2625750,1647000,530,555326280.00,314,F1,6750,,,,,
2026-03-05,2026-03-05,FO,NSE,STO,95750,,CANBK,,2026-03-30,2026-03-30,153.00,CE,CANBK26MAR153CE,3.80,3.85,2.33,3.04,3.04,3.17,148.50,3.04,1856250,1134000,383,402770205.00,277,F1,6750,,,,,
2026-03-05,2026-03-05,FO,NSE,STO,83708,,CANBK,,2026-03-30,2026-03-30,154.00,CE,CANBK26MAR154CE,3.15,3.46,2.04,2.68,2.60,2.86,148.50,2.68,1377000,729000,310,327583980.00,246,F1,6750,,,,,
2026-03-05,2026-03-05,FO,NSE,STO,95827,,CANBK,,2026-03-30,2026-03-30,155.00,CE,CANBK26MAR155CE,2.98,3.10,1.80,2.37,2.38,2.55,148.50,2.37,8154000,1444500,1885,2001651885.00,1593,F1,6750,,,,,
2026-03-05,2026-03-05,FO,NSE,STO,83710,,CANBK,,2026-03-30,2026-03-30,156.00,CE,CANBK26MAR156CE,2.70,2.70,1.60,2.09,2.06,2.31,148.50,2.09,1485000,-411750,389,414827797.50,210,F1,6750,,,,,
2026-03-05,2026-03-05,FO,NSE,STO,95829,,CANBK,,2026-03-30,2026-03-30,157.00,CE,CANBK26MAR157CE,2.35,2.47,1.44,1.87,1.86,2.07,148.50,1.87,2544750,-290250,207,221958967.50,178,F1,6750,,,,,
2026-03-05,2026-03-05,FO,NSE,STO,83714,,CANBK,,2026-03-30,2026-03-30,158.00,CE,CANBK26MAR158CE,2.07,2.24,1.25,1.67,1.65,1.85,148.50,1.67,3051000,-101250,351,378310567.50,270,F1,6750,,,,,
2026-03-05,2026-03-05,FO,NSE,STO,95833,,CANBK,,2026-03-30,2026-03-30,161.00,CE,CANBK26MAR161CE,1.45,1.50,0.86,1.16,1.15,1.29,148.50,1.16,1343250,-20250,119,130239900.00,105,F1,6750,,,,,
2026-03-05,2026-03-05,FO,NSE,STO,83755,,CANBK,,2026-03-30,2026-03-30,164.00,CE,CANBK26MAR164CE,1.04,1.04,0.57,0.75,0.75,0.87,148.50,0.75,479250,-60750,58,64509142.50,50,F1,6750,,,,,
2026-03-05,2026-03-05,FO,NSE,STO,95837,,CANBK,,2026-03-30,2026-03-30,165.00,CE,CANBK26MAR165CE,0.80,0.90,0.50,0.70,0.69,0.76,148.50,0.70,6135750,-1107000,1116,1248027075.00,786,F1,6750,,,,,
2026-03-05,2026-03-05,FO,NSE,STO,83766,,CANBK,,2026-03-30,2026-03-30,166.00,CE,CANBK26MAR166CE,0.71,0.80,0.44,0.60,0.60,0.68,148.50,0.60,614250,-27000,51,57356505.00,44,F1,6750,,,,,
2026-03-05,2026-03-05,FO,NSE,STO,83675,,CANBK,,2026-03-30,2026-03-30,138.00,PE,CANBK26MAR138PE,1.38,1.99,1.15,1.26,1.34,2.02,148.50,1.26,411750,40500,77,72606375.00,76,F1,6750,,,,,
2026-03-05,2026-03-05,FO,NSE,STO,95604,,CANBK,,2026-03-30,2026-03-30,139.00,PE,CANBK26MAR139PE,1.60,2.22,1.60,2.13,2.13,2.28,148.50,1.14,297000,6750,21,19977300.00,20,F1,6750,,,,,
2026-03-05,2026-03-05,FO,NSE,STO,83681,,CANBK,,2026-03-30,2026-03-30,140.00,PE,CANBK26MAR140PE,2.10,2.56,1.43,1.61,1.70,2.51,148.50,1.61,8194500,702000,1406,1348375140.00,1049,F1,6750,,,,,
2026-03-05,2026-03-05,FO,NSE,STO,95606,,CANBK,,2026-03-30,2026-03-30,141.00,PE,CANBK26MAR141PE,1.72,2.80,1.62,1.87,1.90,2.80,148.50,1.87,783000,283500,108,104544135.00,79,F1,6750,,,,,
2026-03-05,2026-03-05,FO,NSE,STO,95691,,CANBK,,2026-03-30,2026-03-30,143.00,PE,CANBK26MAR143PE,2.71,3.46,2.10,2.39,2.43,3.46,148.50,2.39,1761750,364500,187,184346280.00,138,F1,6750,,,,,
2026-03-05,2026-03-05,FO,NSE,STO,83688,,CANBK,,2026-03-30,2026-03-30,144.00,PE,CANBK26MAR144PE,2.32,3.92,2.30,2.68,2.85,3.86,148.50,2.68,1755000,884250,356,354072195.00,225,F1,6750,,,,,
2026-03-05,2026-03-05,FO,NSE,STO,83690,,CANBK,,2026-03-30,2026-03-30,146.00,PE,CANBK26MAR146PE,4.00,4.80,3.00,3.29,3.42,4.63,148.50,3.29,1093500,94500,369,373617022.50,308,F1,6750,,,,,
2026-03-05,2026-03-05,FO,NSE,STO,95738,,CANBK,,2026-03-30,2026-03-30,149.00,PE,CANBK26MAR149PE,4.93,6.37,4.06,4.61,4.66,6.08,148.50,4.61,499500,270000,197,205051635.00,178,F1,6750,,,,,
2026-03-05,2026-03-05,FO,NSE,STO,83694,,CANBK,,2026-03-30,2026-03-30,150.00,PE,CANBK26MAR150PE,5.61,7.01,4.50,5.02,5.24,6.62,148.50,5.02,7823250,317250,952,1000320772.50,668,F1,6750,,,,,
2026-03-05,2026-03-05,FO,NSE,STO,95751,,CANBK,,2026-03-30,2026-03-30,153.00,PE,CANBK26MAR153PE,6.91,8.54,6.63,6.65,6.63,8.46,148.50,6.65,1302750,519750,168,182675790.00,54,F1,6750,,,,,
2026-03-05,2026-03-05,FO,NSE,STO,83709,,CANBK,,2026-03-30,2026-03-30,154.00,PE,CANBK26MAR154PE,7.50,9.26,6.81,7.00,7.00,9.17,148.50,7.58,1275750,108000,37,40628047.50,17,F1,6750,,,,,
2026-03-05,2026-03-05,FO,NSE,STO,83711,,CANBK,,2026-03-30,2026-03-30,156.00,PE,CANBK26MAR156PE,8.37,10.44,8.37,8.65,8.65,10.57,148.50,8.98,1775250,-47250,8,8956912.50,6,F1,6750,,,,,
2026-03-05,2026-03-05,FO,NSE,STO,83717,,CANBK,,2026-03-30,2026-03-30,160.00,PE,CANBK26MAR160PE,13.08,14.16,11.21,11.92,12.21,13.91,148.50,11.92,6331500,-20250,79,92275807.50,60,F1,6750,,,,,
2026-03-05,2026-03-05,FO,NSE,STO,83719,,CANBK,,2026-03-30,2026-03-30,162.00,PE,CANBK26MAR162PE,0.00,0.00,0.00,15.00,15.00,15.00,148.50,13.79,357750,0,0,0.00,0,F1,6750,,,,,
2026-03-05,2026-03-05,FO,NSE,STO,83756,,CANBK,,2026-03-30,2026-03-30,164.00,PE,CANBK26MAR164PE,0.00,0.00,0.00,8.03,8.03,8.03,148.50,15.54,148500,0,0,0.00,0,F1,6750,,,,,
2026-03-05,2026-03-05,FO,NSE,STO,83767,,CANBK,,2026-03-30,2026-03-30,166.00,PE,CANBK26MAR166PE,0.00,0.00,0.00,22.62,22.62,22.62,148.50,17.35,33750,0,0,0.00,0,F1,6750,,,,,
2026-03-05,2026-03-05,FO,NSE,STO,95869,,CANBK,,2026-03-30,2026-03-30,169.00,PE,CANBK26MAR169PE,0.00,0.00,0.00,12.38,12.38,12.38,148.50,20.15,74250,0,0,0.00,0,F1,6750,,,,,
2026-03-05,2026-03-05,FO,NSE,STO,83775,,CANBK,,2026-03-30,2026-03-30,170.00,PE,CANBK26MAR170PE,22.00,24.07,22.00,23.43,23.43,16.34,148.50,21.10,155250,-6750,11,14299807.50,5,F1,6750,,,,,
2026-03-05,2026-03-05,FO,NSE,STO,91976,,CANBK,,2026-05-26,2026-05-26,158.00,PE,CANBK26MAY158PE,0.00,0.00,0.00,10.29,0.00,10.29,148.50,12.91,0,0,0,0.00,0,F1,6750,,,,,
2026-03-05,2026-03-05,FO,NSE,STO,91982,,CANBK,,2026-05-26,2026-05-26,164.00,PE,CANBK26MAY164PE,0.00,0.00,0.00,13.56,0.00,13.56,148.50,17.12,0,0,0,0.00,0,F1,6750,,,,,
2026-03-05,2026-03-05,FO,NSE,STO,91988,,CANBK,,2026-05-26,2026-05-26,170.00,PE,CANBK26MAY170PE,0.00,0.00,0.00,17.30,0.00,17.30,148.50,21.80,0,0,0,0.00,0,F1,6750,,,,,
2026-03-05,2026-03-05,FO,NSE,STO,91994,,CANBK,,2026-05-26,2026-05-26,176.00,PE,CANBK26MAY176PE,0.00,0.00,0.00,21.46,0.00,21.46,148.50,26.87,0,0,0,0.00,0,F1,6750,,,,,
2026-03-05,2026-03-05,FO,NSE,STO,92002,,CANBK,,2026-05-26,2026-05-26,184.00,PE,CANBK26MAY184PE,0.00,0.00,0.00,27.57,0.00,27.57,148.50,34.05,0,0,0,0.00,0,F1,6750,,,,,
2026-03-05,2026-03-05,FO,NSE,STO,83686,,CANBK,,2026-03-30,2026-03-30,142.00,PE,CANBK26MAR142PE,2.84,3.13,1.93,2.07,2.12,3.11,148.50,2.07,715500,87750,97,94645800.00,94,F1,6750,,,,,
2026-03-05,2026-03-05,FO,NSE,STO,83673,,CANBK,,2026-03-30,2026-03-30,136.00,PE,CANBK26MAR136PE,1.12,1.53,1.12,1.42,1.42,1.65,148.50,0.66,148500,20250,34,31527900.00,34,F1,6750,,,,,
2026-03-05,2026-03-05,FO,NSE,STO,95600,,CANBK,,2026-03-30,2026-03-30,135.00,PE,CANBK26MAR135PE,1.02,1.47,0.79,0.86,0.91,1.43,148.50,0.86,2004750,-560250,514,472445122.50,433,F1,6750,,,,,
2026-03-05,2026-03-05,FO,NSE,STO,83671,,CANBK,,2026-03-30,2026-03-30,134.00,PE,CANBK26MAR134PE,1.34,1.34,1.03,1.17,1.17,1.28,148.50,0.44,121500,40500,22,20066670.00,22,F1,6750,,,,,
2026-03-05,2026-03-05,FO,NSE,STO,95598,,CANBK,,2026-03-30,2026-03-30,133.00,PE,CANBK26MAR133PE,0.00,0.00,0.00,1.34,0.00,1.34,148.50,0.36,0,0,0,0.00,0,F1,6750,,,,,
2026-03-05,2026-03-05,FO,NSE,STO,95592,,CANBK,,2026-03-30,2026-03-30,127.00,PE,CANBK26MAR127PE,0.00,0.00,0.00,0.67,0.00,0.67,148.50,0.08,0,0,0,0.00,0,F1,6750,,,,,
2026-03-05,2026-03-05,FO,NSE,STO,95590,,CANBK,,2026-03-30,2026-03-30,125.00,PE,CANBK26MAR125PE,0.00,0.00,0.00,0.51,0.00,0.51,148.50,0.05,0,0,0,0.00,0,F1,6750,,,,,
2026-03-05,2026-03-05,FO,NSE,STO,95588,,CANBK,,2026-03-30,2026-03-30,123.00,PE,CANBK26MAR123PE,0.38,0.38,0.24,0.34,0.34,0.38,148.50,0.02,182250,148500,44,36619897.50,35,F1,6750,,,,,
2026-03-05,2026-03-05,FO,NSE,STO,91993,,CANBK,,2026-05-26,2026-05-26,176.00,CE,CANBK26MAY176CE,0.00,0.00,0.00,5.39,0.00,5.39,148.50,1.53,0,0,0,0.00,0,F1,6750,,,,,
2026-03-05,2026-03-05,FO,NSE,STO,91989,,CANBK,,2026-05-26,2026-05-26,172.00,CE,CANBK26MAY172CE,0.00,0.00,0.00,6.50,0.00,6.50,148.50,2.07,0,0,0,0.00,0,F1,6750,,,,,
2026-03-05,2026-03-05,FO,NSE,STO,91975,,CANBK,,2026-05-26,2026-05-26,158.00,CE,CANBK26MAY158CE,0.00,0.00,0.00,11.93,0.00,11.93,148.50,5.35,0,0,0,0.00,0,F1,6750,,,,,
2026-03-05,2026-03-05,FO,NSE,STO,91973,,CANBK,,2026-05-26,2026-05-26,156.00,CE,CANBK26MAY156CE,0.00,0.00,0.00,12.91,0.00,12.91,148.50,6.05,0,0,0,0.00,0,F1,6750,,,,,
2026-03-05,2026-03-05,FO,NSE,STO,91971,,CANBK,,2026-05-26,2026-05-26,154.00,CE,CANBK26MAY154CE,0.00,0.00,0.00,13.96,0.00,13.96,148.50,6.82,0,0,0,0.00,0,F1,6750,,,,,
2026-03-05,2026-03-05,FO,NSE,STO,91961,,CANBK,,2026-05-26,2026-05-26,144.00,CE,CANBK26MAY144CE,0.00,0.00,0.00,20.03,0.00,20.03,148.50,11.73,0,0,0,0.00,0,F1,6750,,,,,
2026-03-05,2026-03-05,FO,NSE,STO,95602,,CANBK,,2026-03-30,2026-03-30,137.00,PE,CANBK26MAR137PE,1.78,1.80,1.09,1.13,1.20,1.81,148.50,1.13,303750,121500,55,51396862.50,52,F1,6750,,,,,
2026-03-05,2026-03-05,FO,NSE,STO,83669,,CANBK,,2026-03-30,2026-03-30,132.00,PE,CANBK26MAR132PE,0.68,0.94,0.66,0.87,0.87,0.99,148.50,0.28,276750,121500,72,64545795.00,56,F1,6750,,,,,
2026-03-05,2026-03-05,FO,NSE,STO,95596,,CANBK,,2026-03-30,2026-03-30,131.00,PE,CANBK26MAR131PE,0.00,0.00,0.00,1.08,0.00,1.08,148.50,0.23,0,0,0,0.00,0,F1,6750,,,,,
2026-03-05,2026-03-05,FO,NSE,STO,83667,,CANBK,,2026-03-30,2026-03-30,130.00,PE,CANBK26MAR130PE,0.55,0.82,0.45,0.49,0.52,0.82,148.50,0.49,1566000,-108000,340,299829870.00,311,F1,6750,,,,,
2026-03-05,2026-03-05,FO,NSE,STO,91968,,CANBK,,2026-05-26,2026-05-26,150.00,PE,CANBK26MAY150PE,0.00,0.00,0.00,6.72,0.00,6.72,148.50,8.22,0,0,0,0.00,0,F1,6750,,,,,
2026-03-05,2026-03-05,FO,NSE,STO,91970,,CANBK,,2026-05-26,2026-05-26,152.00,PE,CANBK26MAY152PE,0.00,0.00,0.00,7.53,0.00,7.53,148.50,9.29,0,0,0,0.00,0,F1,6750,,,,,
2026-03-05,2026-03-05,FO,NSE,STO,91972,,CANBK,,2026-05-26,2026-05-26,154.00,PE,CANBK26MAY154PE,0.00,0.00,0.00,8.39,0.00,8.39,148.50,10.43,0,0,0,0.00,0,F1,6750,,,,,
2026-03-05,2026-03-05,FO,NSE,STO,91980,,CANBK,,2026-05-26,2026-05-26,162.00,PE,CANBK26MAY162PE,0.00,0.00,0.00,12.42,0.00,12.42,148.50,15.66,0,0,0,0.00,0,F1,6750,,,,,
2026-03-05,2026-03-05,FO,NSE,STO,91984,,CANBK,,2026-05-26,2026-05-26,166.00,PE,CANBK26MAY166PE,0.00,0.00,0.00,14.76,0.00,14.76,148.50,18.63,0,0,0,0.00,0,F1,6750,,,,,
2026-03-05,2026-03-05,FO,NSE,STO,91986,,CANBK,,2026-05-26,2026-05-26,168.00,PE,CANBK26MAY168PE,0.00,0.00,0.00,16.00,0.00,16.00,148.50,20.19,0,0,0,0.00,0,F1,6750,,,,,
2026-03-05,2026-03-05,FO,NSE,STO,91990,,CANBK,,2026-05-26,2026-05-26,172.00,PE,CANBK26MAY172PE,0.00,0.00,0.00,18.64,0.00,18.64,148.50,23.45,0,0,0,0.00,0,F1,6750,,,,,
2026-03-05,2026-03-05,FO,NSE,STO,91998,,CANBK,,2026-05-26,2026-05-26,180.00,PE,CANBK26MAY180PE,0.00,0.00,0.00,24.45,0.00,24.45,148.50,30.41,0,0,0,0.00,0,F1,6750,,,,,
2026-03-05,2026-03-05,FO,NSE,STF,66111,,CANBK,,2026-05-26,2026-05-26,,,CANBK26MAYFUT,151.22,152.00,148.02,150.65,150.88,149.09,148.50,150.65,1282500,67500,163,164857747.50,161,F1,6750,,,,,
2026-03-05,2026-03-05,FO,NSE,STO,95587,,CANBK,,2026-03-30,2026-03-30,123.00,CE,CANBK26MAR123CE,0.00,0.00,0.00,33.40,0.00,33.40,148.50,25.99,0,0,0,0.00,0,F1,6750,,,,,
2026-03-05,2026-03-05,FO,NSE,STO,95589,,CANBK,,2026-03-30,2026-03-30,125.00,CE,CANBK26MAR125CE,0.00,0.00,0.00,31.54,0.00,31.54,148.50,24.02,0,0,0,0.00,0,F1,6750,,,,,
2026-03-05,2026-03-05,FO,NSE,STO,83662,,CANBK,,2026-03-30,2026-03-30,126.00,CE,CANBK26MAR126CE,0.00,0.00,0.00,31.21,0.00,31.21,148.50,23.03,0,0,0,0.00,0,F1,6750,,,,,
2026-03-05,2026-03-05,FO,NSE,STO,83664,,CANBK,,2026-03-30,2026-03-30,128.00,CE,CANBK26MAR128CE,0.00,0.00,0.00,29.19,29.19,29.19,148.50,21.09,20250,0,0,0.00,0,F1,6750,,,,,
2026-03-05,2026-03-05,FO,NSE,STO,95593,,CANBK,,2026-03-30,2026-03-30,129.00,CE,CANBK26MAR129CE,0.00,0.00,0.00,27.92,0.00,27.92,148.50,20.12,0,0,0,0.00,0,F1,6750,,,,,
2026-03-05,2026-03-05,FO,NSE,STO,95839,,CANBK,,2026-03-30,2026-03-30,167.00,CE,CANBK26MAR167CE,0.72,0.72,0.41,0.53,0.53,0.61,148.50,0.40,351000,-74250,48,54296730.00,41,F1,6750,,,,,
2026-03-05,2026-03-05,FO,NSE,STO,83770,,CANBK,,2026-03-30,2026-03-30,168.00,CE,CANBK26MAR168CE,0.54,0.55,0.34,0.48,0.50,0.54,148.50,0.48,708750,54000,111,126219060.00,71,F1,6750,,,,,
2026-03-05,2026-03-05,FO,NSE,STO,95841,,CANBK,,2026-03-30,2026-03-30,169.00,CE,CANBK26MAR169CE,0.47,0.47,0.33,0.33,0.33,0.47,148.50,0.29,418500,-13500,13,14867887.50,13,F1,6750,,,,,
2026-03-05,2026-03-05,FO,NSE,STO,95870,,CANBK,,2026-03-30,2026-03-30,171.00,CE,CANBK26MAR171CE,0.38,0.38,0.25,0.30,0.26,0.36,148.50,0.30,276750,-141750,67,77494725.00,46,F1,6750,,,,,
2026-03-05,2026-03-05,FO,NSE,STO,95872,,CANBK,,2026-03-30,2026-03-30,173.00,CE,CANBK26MAR173CE,0.29,0.29,0.20,0.23,0.23,0.26,148.50,0.23,263250,27000,35,40932202.50,27,F1,6750,,,,,
2026-03-05,2026-03-05,FO,NSE,STO,83794,,CANBK,,2026-03-30,2026-03-30,176.00,CE,CANBK26MAR176CE,0.13,0.15,0.13,0.15,0.15,0.21,148.50,0.08,276750,0,7,8322952.50,7,F1,6750,,,,,
2026-03-05,2026-03-05,FO,NSE,STO,95885,,CANBK,,2026-03-30,2026-03-30,177.00,CE,CANBK26MAR177CE,0.00,0.00,0.00,0.57,0.58,0.57,148.50,0.06,243000,0,0,0.00,0,F1,6750,,,,,
2026-03-05,2026-03-05,FO,NSE,STO,83796,,CANBK,,2026-03-30,2026-03-30,178.00,CE,CANBK26MAR178CE,0.16,0.21,0.11,0.15,0.15,0.16,148.50,0.15,634500,27000,22,26456962.50,20,F1,6750,,,,,
2026-03-05,2026-03-05,FO,NSE,STO,83798,,CANBK,,2026-03-30,2026-03-30,180.00,CE,CANBK26MAR180CE,0.13,0.14,0.10,0.11,0.11,0.13,148.50,0.11,3503250,-27000,181,220056885.00,115,F1,6750,,,,,
2026-03-05,2026-03-05,FO,NSE,STO,91614,,CANBK,,2026-04-28,2026-04-28,125.00,CE,CANBK26APR125CE,0.00,0.00,0.00,33.92,0.00,33.92,148.50,24.91,0,0,0,0.00,0,F1,6750,,,,,
2026-03-05,2026-03-05,FO,NSE,STO,96057,,CANBK,,2026-04-28,2026-04-28,126.00,CE,CANBK26APR126CE,0.00,0.00,0.00,31.83,0.00,31.83,148.50,23.98,0,0,0,0.00,0,F1,6750,,,,,
2026-03-05,2026-03-05,FO,NSE,STO,91616,,CANBK,,2026-04-28,2026-04-28,127.00,CE,CANBK26APR127CE,0.00,0.00,0.00,32.08,0.00,32.08,148.50,23.07,0,0,0,0.00,0,F1,6750,,,,,
2026-03-05,2026-03-05,FO,NSE,STO,96059,,CANBK,,2026-04-28,2026-04-28,128.00,CE,CANBK26APR128CE,0.00,0.00,0.00,30.12,0.00,30.12,148.50,22.17,0,0,0,0.00,0,F1,6750,,,,,
2026-03-05,2026-03-05,FO,NSE,STO,91618,,CANBK,,2026-04-28,2026-04-28,129.00,CE,CANBK26APR129CE,0.00,0.00,0.00,30.27,0.00,30.27,148.50,21.28,0,0,0,0.00,0,F1,6750,,,,,
2026-03-05,2026-03-05,FO,NSE,STO,91620,,CANBK,,2026-04-28,2026-04-28,131.00,CE,CANBK26APR131CE,0.00,0.00,0.00,28.49,0.00,28.49,148.50,19.53,0,0,0,0.00,0,F1,6750,,,,,
2026-03-05,2026-03-05,FO,NSE,STO,96063,,CANBK,,2026-04-28,2026-04-28,132.00,CE,CANBK26APR132CE,0.00,0.00,0.00,26.80,0.00,26.80,148.50,18.68,0,0,0,0.00,0,F1,6750,,,,,
2026-03-05,2026-03-05,FO,NSE,STO,91633,,CANBK,,2026-04-28,2026-04-28,135.00,CE,CANBK26APR135CE,0.00,0.00,0.00,25.06,0.00,25.06,148.50,16.23,0,0,0,0.00,0,F1,6750,,,,,
2026-03-05,2026-03-05,FO,NSE,STO,96123,,CANBK,,2026-04-28,2026-04-28,136.00,CE,CANBK26APR136CE,0.00,0.00,0.00,23.67,0.00,23.67,148.50,15.44,0,0,0,0.00,0,F1,6750,,,,,
2026-03-05,2026-03-05,FO,NSE,STO,91640,,CANBK,,2026-04-28,2026-04-28,137.00,CE,CANBK26APR137CE,0.00,0.00,0.00,23.41,0.00,23.41,148.50,14.68,0,0,0,0.00,0,F1,6750,,,,,
2026-03-05,2026-03-05,FO,NSE,STO,96168,,CANBK,,2026-04-28,2026-04-28,138.00,CE,CANBK26APR138CE,0.00,0.00,0.00,22.18,0.00,22.18,148.50,13.93,0,0,0,0.00,0,F1,6750,,,,,
2026-03-05,2026-03-05,FO,NSE,STO,91646,,CANBK,,2026-04-28,2026-04-28,139.00,CE,CANBK26APR139CE,0.00,0.00,0.00,21.81,0.00,21.81,148.50,13.21,0,0,0,0.00,0,F1,6750,,,,,
2026-03-05,2026-03-05,FO,NSE,STO,96176,,CANBK,,2026-04-28,2026-04-28,140.00,CE,CANBK26APR140CE,0.00,0.00,0.00,11.71,11.71,11.71,148.50,12.50,33750,0,0,0.00,0,F1,6750,,,,,
2026-03-05,2026-03-05,FO,NSE,STO,91649,,CANBK,,2026-04-28,2026-04-28,141.00,CE,CANBK26APR141CE,0.00,0.00,0.00,20.26,0.00,20.26,148.50,11.82,0,0,0,0.00,0,F1,6750,,,,,
2026-03-05,2026-03-05,FO,NSE,STO,96178,,CANBK,,2026-04-28,2026-04-28,142.00,CE,CANBK26APR142CE,0.00,0.00,0.00,19.35,0.00,19.35,148.50,11.16,0,0,0,0.00,0,F1,6750,,,,,
2026-03-05,2026-03-05,FO,NSE,STO,91651,,CANBK,,2026-04-28,2026-04-28,143.00,CE,CANBK26APR143CE,0.00,0.00,0.00,18.78,0.00,18.78,148.50,10.52,0,0,0,0.00,0,F1,6750,,,,,
2026-03-05,2026-03-05,FO,NSE,STO,96180,,CANBK,,2026-04-28,2026-04-28,144.00,CE,CANBK26APR144CE,0.00,0.00,0.00,18.02,0.00,18.02,148.50,9.90,0,0,0,0.00,0,F1,6750,,,,,
2026-03-05,2026-03-05,FO,NSE,STO,91655,,CANBK,,2026-04-28,2026-04-28,147.00,CE,CANBK26APR147CE,0.00,0.00,0.00,15.98,0.00,15.98,148.50,8.19,0,0,0,0.00,0,F1,6750,,,,,
2026-03-05,2026-03-05,FO,NSE,STO,96224,,CANBK,,2026-04-28,2026-04-28,148.00,CE,CANBK26APR148CE,0.00,0.00,0.00,15.53,0.00,15.53,148.50,7.66,0,0,0,0.00,0,F1,6750,,,,,
2026-03-05,2026-03-05,FO,NSE,STO,91657,,CANBK,,2026-04-28,2026-04-28,149.00,CE,CANBK26APR149CE,6.36,6.36,6.36,6.36,6.36,14.68,148.50,7.16,6750,6750,1,1048680.00,1,F1,6750,,,,,
2026-03-05,2026-03-05,FO,NSE,STO,96229,,CANBK,,2026-04-28,2026-04-28,152.00,CE,CANBK26APR152CE,0.00,0.00,0.00,13.29,0.00,13.29,148.50,5.80,0,0,0,0.00,0,F1,6750,,,,,
2026-03-05,2026-03-05,FO,NSE,STO,96232,,CANBK,,2026-04-28,2026-04-28,154.00,CE,CANBK26APR154CE,0.00,0.00,0.00,12.25,0.00,12.25,148.50,5.00,0,0,0,0.00,0,F1,6750,,,,,
2026-03-05,2026-03-05,FO,NSE,STO,96234,,CANBK,,2026-04-28,2026-04-28,156.00,CE,CANBK26APR156CE,0.00,0.00,0.00,11.27,0.00,11.27,148.50,4.28,0,0,0,0.00,0,F1,6750,,,,,
2026-03-05,2026-03-05,FO,NSE,STO,91672,,CANBK,,2026-04-28,2026-04-28,157.00,CE,CANBK26APR157CE,0.00,0.00,0.00,10.17,0.00,10.17,148.50,3.96,0,0,0,0.00,0,F1,6750,,,,,
2026-03-05,2026-03-05,FO,NSE,STO,96237,,CANBK,,2026-04-28,2026-04-28,158.00,CE,CANBK26APR158CE,0.00,0.00,0.00,3.40,3.40,3.40,148.50,3.65,13500,0,0,0.00,0,F1,6750,,,,,
2026-03-05,2026-03-05,FO,NSE,STO,91674,,CANBK,,2026-04-28,2026-04-28,159.00,CE,CANBK26APR159CE,0.00,0.00,0.00,9.21,0.00,9.21,148.50,3.36,0,0,0,0.00,0,F1,6750,,,,,
2026-03-05,2026-03-05,FO,NSE,STO,96241,,CANBK,,2026-04-28,2026-04-28,162.00,CE,CANBK26APR162CE,0.00,0.00,0.00,8.68,0.00,8.68,148.50,2.60,0,0,0,0.00,0,F1,6750,,,,,
2026-03-05,2026-03-05,FO,NSE,STO,96243,,CANBK,,2026-04-28,2026-04-28,164.00,CE,CANBK26APR164CE,0.00,0.00,0.00,7.93,0.00,7.93,148.50,2.18,0,0,0,0.00,0,F1,6750,,,,,
2026-03-05,2026-03-05,FO,NSE,STO,96245,,CANBK,,2026-04-28,2026-04-28,166.00,CE,CANBK26APR166CE,1.57,1.57,1.57,1.57,1.57,7.22,148.50,1.82,27000,27000,4,4524390.00,2,F1,6750,,,,,
2026-03-05,2026-03-05,FO,NSE,STO,91689,,CANBK,,2026-04-28,2026-04-28,167.00,CE,CANBK26APR167CE,0.00,0.00,0.00,6.02,0.00,6.02,148.50,1.65,0,0,0,0.00,0,F1,6750,,,,,
2026-03-05,2026-03-05,FO,NSE,STO,91691,,CANBK,,2026-04-28,2026-04-28,169.00,CE,CANBK26APR169CE,0.00,0.00,0.00,5.38,0.00,5.38,148.50,1.37,0,0,0,0.00,0,F1,6750,,,,,
2026-03-05,2026-03-05,FO,NSE,STO,96251,,CANBK,,2026-04-28,2026-04-28,170.00,CE,CANBK26APR170CE,1.51,1.51,1.10,1.25,1.25,1.38,148.50,1.25,351000,20250,21,24262672.50,17,F1,6750,,,,,
2026-03-05,2026-03-05,FO,NSE,STO,96253,,CANBK,,2026-04-28,2026-04-28,172.00,CE,CANBK26APR172CE,0.00,0.00,0.00,5.41,0.00,5.41,148.50,1.02,0,0,0,0.00,0,F1,6750,,,,,
2026-03-05,2026-03-05,FO,NSE,STO,96257,,CANBK,,2026-04-28,2026-04-28,176.00,CE,CANBK26APR176CE,0.00,0.00,0.00,4.43,0.00,4.43,148.50,0.67,0,0,0,0.00,0,F1,6750,,,,,
2026-03-05,2026-03-05,FO,NSE,STO,96259,,CANBK,,2026-04-28,2026-04-28,178.00,CE,CANBK26APR178CE,0.00,0.00,0.00,2.45,2.45,2.45,148.50,0.54,6750,0,0,0.00,0,F1,6750,,,,,
2026-03-05,2026-03-05,FO,NSE,STO,96263,,CANBK,,2026-04-28,2026-04-28,180.00,CE,CANBK26APR180CE,0.00,0.00,0.00,3.59,0.00,3.59,148.50,0.44,0,0,0,0.00,0,F1,6750,,,,,
2026-03-05,2026-03-05,FO,NSE,STO,91923,,CANBK,,2026-05-26,2026-05-26,128.00,CE,CANBK26MAY128CE,0.00,0.00,0.00,32.43,0.00,32.43,148.50,23.32,0,0,0,0.00,0,F1,6750,,,,,
2026-03-05,2026-03-05,FO,NSE,STO,91937,,CANBK,,2026-05-26,2026-05-26,130.00,CE,CANBK26MAY130CE,0.00,0.00,0.00,30.73,0.00,30.73,148.50,21.65,0,0,0,0.00,0,F1,6750,,,,,
2026-03-05,2026-03-05,FO,NSE,STO,91939,,CANBK,,2026-05-26,2026-05-26,132.00,CE,CANBK26MAY132CE,0.00,0.00,0.00,29.07,0.00,29.07,148.50,20.04,0,0,0,0.00,0,F1,6750,,,,,
2026-03-05,2026-03-05,FO,NSE,STO,91941,,CANBK,,2026-05-26,2026-05-26,134.00,CE,CANBK26MAY134CE,0.00,0.00,0.00,27.44,0.00,27.44,148.50,18.49,0,0,0,0.00,0,F1,6750,,,,,
2026-03-05,2026-03-05,FO,NSE,STO,83666,,CANBK,,2026-03-30,2026-03-30,130.00,CE,CANBK26MAR130CE,0.00,0.00,0.00,18.49,18.49,18.49,148.50,19.17,594000,0,0,0.00,0,F1,6750,,,,,
2026-03-05,2026-03-05,FO,NSE,STO,95601,,CANBK,,2026-03-30,2026-03-30,137.00,CE,CANBK26MAR137CE,0.00,0.00,0.00,21.18,0.00,21.18,148.50,12.82,0,0,0,0.00,0,F1,6750,,,,,
2026-03-05,2026-03-05,FO,NSE,STO,83674,,CANBK,,2026-03-30,2026-03-30,138.00,CE,CANBK26MAR138CE,0.00,0.00,0.00,8.50,8.50,8.50,148.50,11.98,13500,0,0,0.00,0,F1,6750,,,,,
2026-03-05,2026-03-05,FO,NSE,STO,83676,,CANBK,,2026-03-30,2026-03-30,140.00,CE,CANBK26MAR140CE,10.58,11.70,8.99,10.40,10.32,10.20,148.50,10.40,2234250,243000,171,173427277.50,97,F1,6750,,,,,
2026-03-05,2026-03-05,FO,NSE,STO,83682,,CANBK,,2026-03-30,2026-03-30,142.00,CE,CANBK26MAR142CE,8.30,9.16,8.30,9.16,9.16,8.84,148.50,9.16,823500,357750,88,89329837.50,37,F1,6750,,,,,
2026-03-05,2026-03-05,FO,NSE,STO,95733,,CANBK,,2026-03-30,2026-03-30,145.00,CE,CANBK26MAR145CE,7.50,8.15,5.75,7.12,6.89,6.79,148.50,7.12,3422250,837000,925,945930487.50,714,F1,6750,,,,,
2026-03-05,2026-03-05,FO,NSE,STO,83691,,CANBK,,2026-03-30,2026-03-30,148.00,CE,CANBK26MAR148CE,5.11,6.27,4.23,5.30,5.30,5.19,148.50,5.30,2085750,1356750,872,901465807.50,669,F1,6750,,,,,
2026-03-05,2026-03-05,FO,NSE,STO,95737,,CANBK,,2026-03-30,2026-03-30,149.00,CE,CANBK26MAR149CE,5.65,5.75,3.79,4.83,4.73,4.72,148.50,4.83,1289250,837000,605,627726037.50,530,F1,6750,,,,,
2026-03-05,2026-03-05,FO,NSE,STO,95831,,CANBK,,2026-03-30,2026-03-30,159.00,CE,CANBK26MAR159CE,1.85,1.92,1.15,1.49,1.49,1.65,148.50,1.49,1525500,-81000,101,109373355.00,94,F1,6750,,,,,
2026-03-05,2026-03-05,FO,NSE,STO,83716,,CANBK,,2026-03-30,2026-03-30,160.00,CE,CANBK26MAR160CE,1.50,1.75,0.95,1.31,1.32,1.46,148.50,1.31,16537500,951750,1603,1745291542.50,1365,F1,6750,,,,,
2026-03-05,2026-03-05,FO,NSE,STO,83718,,CANBK,,2026-03-30,2026-03-30,162.00,CE,CANBK26MAR162CE,1.25,1.33,0.74,1.02,1.03,1.13,148.50,1.02,2673000,47250,201,221151870.00,182,F1,6750,,,,,
2026-03-05,2026-03-05,FO,NSE,STO,95835,,CANBK,,2026-03-30,2026-03-30,163.00,CE,CANBK26MAR163CE,1.20,1.20,0.66,0.90,0.89,1.02,148.50,0.90,1761750,216000,115,127200105.00,108,F1,6750,,,,,
2026-03-05,2026-03-05,FO,NSE,STO,83774,,CANBK,,2026-03-30,2026-03-30,170.00,CE,CANBK26MAR170CE,0.45,0.46,0.26,0.36,0.37,0.41,148.50,0.36,4988250,-661500,504,579585982.50,408,F1,6750,,,,,
2026-03-05,2026-03-05,FO,NSE,STO,83776,,CANBK,,2026-03-30,2026-03-30,172.00,CE,CANBK26MAR172CE,0.36,0.36,0.23,0.23,0.23,0.31,148.50,0.17,290250,-60750,20,23261040.00,20,F1,6750,,,,,
2026-03-05,2026-03-05,FO,NSE,STO,83778,,CANBK,,2026-03-30,2026-03-30,174.00,CE,CANBK26MAR174CE,0.24,0.24,0.16,0.16,0.16,0.24,148.50,0.11,114750,-6750,2,2351700.00,2,F1,6750,,,,,
2026-03-05,2026-03-05,FO,NSE,STO,95874,,CANBK,,2026-03-30,2026-03-30,175.00,CE,CANBK26MAR175CE,0.26,0.26,0.16,0.19,0.24,0.23,148.50,0.19,2045250,-94500,105,124171380.00,82,F1,6750,,,,,
2026-03-05,2026-03-05,FO,NSE,STO,91612,,CANBK,,2026-04-28,2026-04-28,123.00,CE,CANBK26APR123CE,0.00,0.00,0.00,35.79,0.00,35.79,148.50,26.78,0,0,0,0.00,0,F1,6750,,,,,
2026-03-05,2026-03-05,FO,NSE,STO,96055,,CANBK,,2026-04-28,2026-04-28,124.00,CE,CANBK26APR124CE,0.00,0.00,0.00,33.58,0.00,33.58,148.50,25.84,0,0,0,0.00,0,F1,6750,,,,,
2026-03-05,2026-03-05,FO,NSE,STO,96061,,CANBK,,2026-04-28,2026-04-28,130.00,CE,CANBK26APR130CE,0.00,0.00,0.00,28.44,0.00,28.44,148.50,20.40,0,0,0,0.00,0,F1,6750,,,,,
2026-03-05,2026-03-05,FO,NSE,STO,91631,,CANBK,,2026-04-28,2026-04-28,133.00,CE,CANBK26APR133CE,0.00,0.00,0.00,26.75,0.00,26.75,148.50,17.85,0,0,0,0.00,0,F1,6750,,,,,
2026-03-05,2026-03-05,FO,NSE,STO,96121,,CANBK,,2026-04-28,2026-04-28,134.00,CE,CANBK26APR134CE,0.00,0.00,0.00,25.21,0.00,25.21,148.50,17.03,0,0,0,0.00,0,F1,6750,,,,,
2026-03-05,2026-03-05,FO,NSE,STO,91653,,CANBK,,2026-04-28,2026-04-28,145.00,CE,CANBK26APR145CE,0.00,0.00,0.00,17.35,0.00,17.35,148.50,9.31,0,0,0,0.00,0,F1,6750,,,,,
2026-03-05,2026-03-05,FO,NSE,STO,96220,,CANBK,,2026-04-28,2026-04-28,146.00,CE,CANBK26APR146CE,0.00,0.00,0.00,16.75,0.00,16.75,148.50,8.73,0,0,0,0.00,0,F1,6750,,,,,
2026-03-05,2026-03-05,FO,NSE,STO,96227,,CANBK,,2026-04-28,2026-04-28,150.00,CE,CANBK26APR150CE,8.08,8.13,5.60,6.95,6.95,6.63,148.50,6.68,317250,87750,44,46491165.00,39,F1,6750,,,,,
2026-03-05,2026-03-05,FO,NSE,STO,91660,,CANBK,,2026-04-28,2026-04-28,151.00,CE,CANBK26APR151CE,0.00,0.00,0.00,4.91,4.91,4.91,148.50,6.23,6750,0,0,0.00,0,F1,6750,,,,,
2026-03-05,2026-03-05,FO,NSE,STO,91662,,CANBK,,2026-04-28,2026-04-28,153.00,CE,CANBK26APR153CE,0.00,0.00,0.00,12.29,0.00,12.29,148.50,5.38,0,0,0,0.00,0,F1,6750,,,,,
2026-03-05,2026-03-05,FO,NSE,STO,91670,,CANBK,,2026-04-28,2026-04-28,155.00,CE,CANBK26APR155CE,4.55,4.60,4.50,4.60,4.60,4.55,148.50,4.60,81000,33750,5,5384137.50,5,F1,6750,,,,,
2026-03-05,2026-03-05,FO,NSE,STO,96239,,CANBK,,2026-04-28,2026-04-28,160.00,CE,CANBK26APR160CE,3.59,3.60,2.60,2.74,2.74,3.16,148.50,3.09,1113750,-283500,73,80398237.50,36,F1,6750,,,,,
2026-03-05,2026-03-05,FO,NSE,STO,91676,,CANBK,,2026-04-28,2026-04-28,161.00,CE,CANBK26APR161CE,0.00,0.00,0.00,8.32,0.00,8.32,148.50,2.84,0,0,0,0.00,0,F1,6750,,,,,
2026-03-05,2026-03-05,FO,NSE,STO,91678,,CANBK,,2026-04-28,2026-04-28,163.00,CE,CANBK26APR163CE,0.00,0.00,0.00,7.49,0.00,7.49,148.50,2.39,0,0,0,0.00,0,F1,6750,,,,,
2026-03-05,2026-03-05,FO,NSE,STO,91682,,CANBK,,2026-04-28,2026-04-28,165.00,CE,CANBK26APR165CE,0.00,0.00,0.00,3.20,3.20,3.20,148.50,1.99,27000,0,0,0.00,0,F1,6750,,,,,
2026-03-05,2026-03-05,FO,NSE,STO,96249,,CANBK,,2026-04-28,2026-04-28,168.00,CE,CANBK26APR168CE,0.00,0.00,0.00,6.57,0.00,6.57,148.50,1.51,0,0,0,0.00,0,F1,6750,,,,,
2026-03-05,2026-03-05,FO,NSE,STO,91697,,CANBK,,2026-04-28,2026-04-28,171.00,CE,CANBK26APR171CE,0.00,0.00,0.00,4.79,0.00,4.79,148.50,1.12,0,0,0,0.00,0,F1,6750,,,,,
2026-03-05,2026-03-05,FO,NSE,STO,96255,,CANBK,,2026-04-28,2026-04-28,174.00,CE,CANBK26APR174CE,0.00,0.00,0.00,1.51,1.51,1.51,148.50,0.83,6750,0,0,0.00,0,F1,6750,,,,,
2026-03-05,2026-03-05,FO,NSE,STO,91913,,CANBK,,2026-05-26,2026-05-26,124.00,CE,CANBK26MAY124CE,0.00,0.00,0.00,35.94,0.00,35.94,148.50,26.79,0,0,0,0.00,0,F1,6750,,,,,
2026-03-05,2026-03-05,FO,NSE,STO,91918,,CANBK,,2026-05-26,2026-05-26,126.00,CE,CANBK26MAY126CE,0.00,0.00,0.00,34.17,0.00,34.17,148.50,25.03,0,0,0,0.00,0,F1,6750,,,,,
2026-03-05,2026-03-05,FO,NSE,STO,91943,,CANBK,,2026-05-26,2026-05-26,136.00,CE,CANBK26MAY136CE,0.00,0.00,0.00,25.86,0.00,25.86,148.50,17.00,0,0,0,0.00,0,F1,6750,,,,,
2026-03-05,2026-03-05,FO,NSE,STO,91945,,CANBK,,2026-05-26,2026-05-26,138.00,CE,CANBK26MAY138CE,0.00,0.00,0.00,24.33,0.00,24.33,148.50,15.57,0,0,0,0.00,0,F1,6750,,,,,
2026-03-05,2026-03-05,FO,NSE,STO,91947,,CANBK,,2026-05-26,2026-05-26,140.00,CE,CANBK26MAY140CE,0.00,0.00,0.00,22.85,0.00,22.85,148.50,14.22,0,0,0,0.00,0,F1,6750,,,,,
2026-03-05,2026-03-05,FO,NSE,STO,91959,,CANBK,,2026-05-26,2026-05-26,142.00,CE,CANBK26MAY142CE,0.00,0.00,0.00,21.42,0.00,21.42,148.50,12.94,0,0,0,0.00,0,F1,6750,,,,,
2026-03-05,2026-03-05,FO,NSE,STO,91963,,CANBK,,2026-05-26,2026-05-26,146.00,CE,CANBK26MAY146CE,0.00,0.00,0.00,18.70,0.00,18.70,148.50,10.60,0,0,0,0.00,0,F1,6750,,,,,
2026-03-05,2026-03-05,FO,NSE,STO,91965,,CANBK,,2026-05-26,2026-05-26,148.00,CE,CANBK26MAY148CE,0.00,0.00,0.00,17.43,0.00,17.43,148.50,9.54,0,0,0,0.00,0,F1,6750,,,,,
2026-03-05,2026-03-05,FO,NSE,STO,91967,,CANBK,,2026-05-26,2026-05-26,150.00,CE,CANBK26MAY150CE,0.00,0.00,0.00,7.40,7.40,7.40,148.50,8.56,6750,0,0,0.00,0,F1,6750,,,,,
2026-03-05,2026-03-05,FO,NSE,STO,91969,,CANBK,,2026-05-26,2026-05-26,152.00,CE,CANBK26MAY152CE,0.00,0.00,0.00,15.06,0.00,15.06,148.50,7.65,0,0,0,0.00,0,F1,6750,,,,,
2026-03-05,2026-03-05,FO,NSE,STO,91977,,CANBK,,2026-05-26,2026-05-26,160.00,CE,CANBK26MAY160CE,0.00,0.00,0.00,10.99,0.00,10.99,148.50,4.72,0,0,0,0.00,0,F1,6750,,,,,
2026-03-05,2026-03-05,FO,NSE,STO,91979,,CANBK,,2026-05-26,2026-05-26,162.00,CE,CANBK26MAY162CE,0.00,0.00,0.00,10.12,0.00,10.12,148.50,4.15,0,0,0,0.00,0,F1,6750,,,,,
2026-03-05,2026-03-05,FO,NSE,STO,91981,,CANBK,,2026-05-26,2026-05-26,164.00,CE,CANBK26MAY164CE,0.00,0.00,0.00,9.29,0.00,9.29,148.50,3.63,0,0,0,0.00,0,F1,6750,,,,,
2026-03-05,2026-03-05,FO,NSE,STO,91983,,CANBK,,2026-05-26,2026-05-26,166.00,CE,CANBK26MAY166CE,0.00,0.00,0.00,8.52,0.00,8.52,148.50,3.17,0,0,0,0.00,0,F1,6750,,,,,
2026-03-05,2026-03-05,FO,NSE,STO,91985,,CANBK,,2026-05-26,2026-05-26,168.00,CE,CANBK26MAY168CE,0.00,0.00,0.00,7.80,0.00,7.80,148.50,2.76,0,0,0,0.00,0,F1,6750,,,,,
2026-03-05,2026-03-05,FO,NSE,STO,91987,,CANBK,,2026-05-26,2026-05-26,170.00,CE,CANBK26MAY170CE,0.00,0.00,0.00,7.13,0.00,7.13,148.50,2.39,0,0,0,0.00,0,F1,6750,,,,,
2026-03-05,2026-03-05,FO,NSE,STO,91997,,CANBK,,2026-05-26,2026-05-26,180.00,CE,CANBK26MAY180CE,0.00,0.00,0.00,4.44,0.00,4.44,148.50,1.12,0,0,0,0.00,0,F1,6750,,,,,
2026-03-05,2026-03-05,FO,NSE,STO,92001,,CANBK,,2026-05-26,2026-05-26,184.00,CE,CANBK26MAY184CE,0.00,0.00,0.00,3.63,0.00,3.63,148.50,0.81,0,0,0,0.00,0,F1,6750,,,,,
2026-03-05,2026-03-05,FO,NSE,STO,83657,,CANBK,,2026-03-30,2026-03-30,120.00,PE,CANBK26MAR120PE,0.15,0.25,0.13,0.14,0.13,0.25,148.50,0.14,904500,168750,113,91670670.00,75,F1,6750,,,,,
2026-03-05,2026-03-05,FO,NSE,STO,83661,,CANBK,,2026-03-30,2026-03-30,124.00,PE,CANBK26MAR124PE,0.00,0.00,0.00,1.08,0.00,1.08,148.50,0.03,0,0,0,0.00,0,F1,6750,,,,,
2026-03-05,2026-03-05,FO,NSE,STO,83663,,CANBK,,2026-03-30,2026-03-30,126.00,PE,CANBK26MAR126PE,0.45,0.49,0.42,0.49,0.49,1.31,148.50,0.06,121500,121500,25,21338302.50,25,F1,6750,,,,,
2026-03-05,2026-03-05,FO,NSE,STO,83665,,CANBK,,2026-03-30,2026-03-30,128.00,PE,CANBK26MAR128PE,0.50,0.61,0.46,0.61,0.61,1.59,148.50,0.11,114750,114750,25,21685590.00,17,F1,6750,,,,,
2026-03-05,2026-03-05,FO,NSE,STO,95594,,CANBK,,2026-03-30,2026-03-30,129.00,PE,CANBK26MAR129PE,0.00,0.00,0.00,0.85,0.00,0.85,148.50,0.14,0,0,0,0.00,0,F1,6750,,,,,
2026-03-05,2026-03-05,FO,NSE,STO,96254,,CANBK,,2026-04-28,2026-04-28,172.00,PE,CANBK26APR172PE,0.00,0.00,0.00,20.05,0.00,20.05,148.50,23.12,0,0,0,0.00,0,F1,6750,,,,,
2026-03-05,2026-03-05,FO,NSE,STO,91966,,CANBK,,2026-05-26,2026-05-26,148.00,PE,CANBK26MAY148PE,0.00,0.00,0.00,5.96,0.00,5.96,148.50,7.23,0,0,0,0.00,0,F1,6750,,,,,
2026-03-05,2026-03-05,FO,NSE,STO,91962,,CANBK,,2026-05-26,2026-05-26,144.00,PE,CANBK26MAY144PE,0.00,0.00,0.00,4.63,0.00,4.63,148.50,5.46,0,0,0,0.00,0,F1,6750,,,,,
2026-03-05,2026-03-05,FO,NSE,STO,91946,,CANBK,,2026-05-26,2026-05-26,138.00,PE,CANBK26MAY138PE,0.00,0.00,0.00,3.03,0.00,3.03,148.50,3.38,0,0,0,0.00,0,F1,6750,,,,,
2026-03-05,2026-03-05,FO,NSE,STO,91942,,CANBK,,2026-05-26,2026-05-26,134.00,PE,CANBK26MAY134PE,0.00,0.00,0.00,2.21,0.00,2.21,148.50,2.34,0,0,0,0.00,0,F1,6750,,,,,
2026-03-05,2026-03-05,FO,NSE,STO,91940,,CANBK,,2026-05-26,2026-05-26,132.00,PE,CANBK26MAY132PE,0.00,0.00,0.00,1.86,0.00,1.86,148.50,1.92,0,0,0,0.00,0,F1,6750,,,,,
2026-03-05,2026-03-05,FO,NSE,STO,91974,,CANBK,,2026-05-26,2026-05-26,156.00,PE,CANBK26MAY156PE,0.00,0.00,0.00,9.32,0.00,9.32,148.50,11.64,0,0,0,0.00,0,F1,6750,,,,,
2026-03-05,2026-03-05,FO,NSE,STO,91964,,CANBK,,2026-05-26,2026-05-26,146.00,PE,CANBK26MAY146PE,0.00,0.00,0.00,5.27,0.00,5.27,148.50,6.31,0,0,0,0.00,0,F1,6750,,,,,
2026-03-05,2026-03-05,FO,NSE,STO,91960,,CANBK,,2026-05-26,2026-05-26,142.00,PE,CANBK26MAY142PE,0.00,0.00,0.00,4.05,0.00,4.05,148.50,4.70,0,0,0,0.00,0,F1,6750,,,,,
2026-03-05,2026-03-05,FO,NSE,STO,91948,,CANBK,,2026-05-26,2026-05-26,140.00,PE,CANBK26MAY140PE,0.00,0.00,0.00,3.52,0.00,3.52,148.50,4.00,0,0,0,0.00,0,F1,6750,,,,,
2026-03-05,2026-03-05,FO,NSE,STO,91944,,CANBK,,2026-05-26,2026-05-26,136.00,PE,CANBK26MAY136PE,0.00,0.00,0.00,2.59,0.00,2.59,148.50,2.83,0,0,0,0.00,0,F1,6750,,,,,
2026-03-05,2026-03-05,FO,NSE,STO,91919,,CANBK,,2026-05-26,2026-05-26,126.00,PE,CANBK26MAY126PE,0.00,0.00,0.00,1.07,0.00,1.07,148.50,0.98,0,0,0,0.00,0,F1,6750,,,,,
2026-03-05,2026-03-05,FO,NSE,STO,96313,,CANBK,,2026-04-28,2026-04-28,180.00,PE,CANBK26APR180PE,0.00,0.00,0.00,21.00,21.00,21.00,148.50,30.48,6750,0,0,0.00,0,F1,6750,,,,,
2026-03-05,2026-03-05,FO,NSE,STO,96262,,CANBK,,2026-04-28,2026-04-28,178.00,PE,CANBK26APR178PE,0.00,0.00,0.00,24.55,0.00,24.55,148.50,28.60,0,0,0,0.00,0,F1,6750,,,,,
