TradDt,BizDt,Sgmt,Src,FinInstrmTp,FinInstrmId,ISIN,TckrSymb,SctySrs,XpryDt,FininstrmActlXpryDt,StrkPric,OptnTp,FinInstrmNm,OpnPric,HghPric,LwPric,ClsPric,LastPric,PrvsClsgPric,UndrlygPric,SttlmPric,OpnIntrst,ChngInOpnIntrst,TtlTradgVol,TtlTrfVal,TtlNbOfTxsExctd,SsnId,NewBrdLotQty,Rmks,Rsvd1,Rsvd2,Rsvd3,Rsvd4
2026-03-20,2026-03-20,FO,NSE,STO,133399,,KEI,,2026-03-30,2026-03-30,4350.00,PE,KEI26MAR4350PE,130.55,193.90,130.55,181.95,181.95,204.00,4188.00,202.50,11025,-1050,17,13445836.25,15,F1,175,,,,,
2026-03-20,2026-03-20,FO,NSE,STO,47327,,KEI,,2026-03-30,2026-03-30,5450.00,PE,KEI26MAR5450PE,0.00,0.00,0.00,1077.95,0.00,1077.95,4188.00,1253.80,0,0,0,0.00,0,F1,175,,,,,
2026-03-20,2026-03-20,FO,NSE,STO,125963,,KEI,,2026-03-30,2026-03-30,5500.00,PE,KEI26MAR5500PE,0.00,0.00,0.00,480.40,480.40,480.40,4188.00,1303.70,700,0,0,0.00,0,F1,175,,,,,
2026-03-20,2026-03-20,FO,NSE,STO,125950,,KEI,,2026-03-30,2026-03-30,4900.00,CE,KEI26MAR4900CE,3.00,3.35,2.05,3.25,3.10,3.00,4188.00,3.25,18375,525,53,45473986.25,39,F1,175,,,,,
2026-03-20,2026-03-20,FO,NSE,STO,120777,,KEI,,2026-05-26,2026-05-26,4900.00,CE,KEI26MAY4900CE,0.00,0.00,0.00,402.80,0.00,402.80,4188.00,73.80,0,0,0,0.00,0,F1,175,,,,,
2026-03-20,2026-03-20,FO,NSE,STO,38467,,KEI,,2026-03-30,2026-03-30,5150.00,PE,KEI26MAR5150PE,0.00,0.00,0.00,920.40,920.40,920.40,4188.00,954.30,3500,0,0,0.00,0,F1,175,,,,,
2026-03-20,2026-03-20,FO,NSE,STO,125941,,KEI,,2026-03-30,2026-03-30,4400.00,PE,KEI26MAR4400PE,0.00,0.00,0.00,239.20,233.05,239.20,4188.00,240.30,33425,0,0,0.00,0,F1,175,,,,,
2026-03-20,2026-03-20,FO,NSE,STO,120750,,KEI,,2026-05-26,2026-05-26,4100.00,CE,KEI26MAY4100CE,0.00,0.00,0.00,870.85,0.00,870.85,4188.00,337.80,0,0,0,0.00,0,F1,175,,,,,
2026-03-20,2026-03-20,FO,NSE,STO,120739,,KEI,,2026-05-26,2026-05-26,3700.00,CE,KEI26MAY3700CE,0.00,0.00,0.00,1189.75,0.00,1189.75,4188.00,599.15,0,0,0,0.00,0,F1,175,,,,,
2026-03-20,2026-03-20,FO,NSE,STO,120715,,KEI,,2026-04-28,2026-04-28,5550.00,CE,KEI26APR5550CE,0.00,0.00,0.00,123.45,0.00,123.45,4188.00,2.80,0,0,0,0.00,0,F1,175,,,,,
2026-03-20,2026-03-20,FO,NSE,STO,125923,,KEI,,2026-03-30,2026-03-30,3800.00,CE,KEI26MAR3800CE,0.00,0.00,0.00,741.75,0.00,741.75,4188.00,400.05,0,0,0,0.00,0,F1,175,,,,,
2026-03-20,2026-03-20,FO,NSE,STO,133275,,KEI,,2026-03-30,2026-03-30,3250.00,CE,KEI26MAR3250CE,0.00,0.00,0.00,1635.55,1635.55,1635.55,4188.00,942.90,525,0,0,0.00,0,F1,175,,,,,
2026-03-20,2026-03-20,FO,NSE,STO,125902,,KEI,,2026-03-30,2026-03-30,3200.00,CE,KEI26MAR3200CE,0.00,0.00,0.00,1346.60,1346.60,1346.60,4188.00,992.80,175,0,0,0.00,0,F1,175,,,,,
2026-03-20,2026-03-20,FO,NSE,STF,66253,,KEI,,2026-05-26,2026-05-26,,,KEI26MAYFUT,4214.00,4218.50,4126.00,4126.00,4126.00,4136.00,4188.00,4126.00,12600,525,8,5843775.00,8,F1,175,,,,,
2026-03-20,2026-03-20,FO,NSE,STF,66878,,KEI,,2026-04-28,2026-04-28,,,KEI26APRFUT,4210.00,4257.50,4140.00,4153.50,4150.00,4151.00,4188.00,4153.50,503650,40425,507,371819087.50,434,F1,175,,,,,
2026-03-20,2026-03-20,FO,NSE,STO,121027,,KEI,,2026-05-26,2026-05-26,5600.00,PE,KEI26MAY5600PE,0.00,0.00,0.00,904.95,0.00,904.95,4188.00,1369.50,0,0,0,0.00,0,F1,175,,,,,
2026-03-20,2026-03-20,FO,NSE,STO,121031,,KEI,,2026-05-26,2026-05-26,5800.00,PE,KEI26MAY5800PE,0.00,0.00,0.00,1061.65,0.00,1061.65,4188.00,1561.85,0,0,0,0.00,0,F1,175,,,,,
2026-03-20,2026-03-20,FO,NSE,STO,121021,,KEI,,2026-05-26,2026-05-26,5500.00,PE,KEI26MAY5500PE,0.00,0.00,0.00,830.00,0.00,830.00,4188.00,1274.55,0,0,0,0.00,0,F1,175,,,,,
2026-03-20,2026-03-20,FO,NSE,STO,120744,,KEI,,2026-05-26,2026-05-26,3900.00,PE,KEI26MAY3900PE,0.00,0.00,0.00,78.90,0.00,78.90,4188.00,130.05,0,0,0,0.00,0,F1,175,,,,,
2026-03-20,2026-03-20,FO,NSE,STO,120738,,KEI,,2026-05-26,2026-05-26,3600.00,PE,KEI26MAY3600PE,0.00,0.00,0.00,36.25,0.00,36.25,4188.00,53.60,0,0,0,0.00,0,F1,175,,,,,
2026-03-20,2026-03-20,FO,NSE,STO,120708,,KEI,,2026-04-28,2026-04-28,5150.00,PE,KEI26APR5150PE,0.00,0.00,0.00,536.95,0.00,536.95,4188.00,944.80,0,0,0,0.00,0,F1,175,,,,,
2026-03-20,2026-03-20,FO,NSE,STO,133667,,KEI,,2026-04-28,2026-04-28,4100.00,PE,KEI26APR4100PE,0.00,0.00,0.00,474.40,0.00,474.40,4188.00,154.05,0,0,0,0.00,0,F1,175,,,,,
2026-03-20,2026-03-20,FO,NSE,STO,125922,,KEI,,2026-03-30,2026-03-30,3700.00,PE,KEI26MAR3700PE,11.95,11.95,8.00,8.05,8.05,13.00,4188.00,8.05,7525,-700,7,4543183.75,7,F1,175,,,,,
2026-03-20,2026-03-20,FO,NSE,STO,125935,,KEI,,2026-03-30,2026-03-30,4100.00,PE,KEI26MAR4100PE,47.00,74.50,47.00,70.45,73.35,81.50,4188.00,70.45,18900,175,145,105734098.75,116,F1,175,,,,,
2026-03-20,2026-03-20,FO,NSE,STO,125953,,KEI,,2026-03-30,2026-03-30,5000.00,PE,KEI26MAR5000PE,780.00,780.00,780.00,780.00,780.00,604.40,4188.00,804.70,44625,0,1,1011500.00,1,F1,175,,,,,
2026-03-20,2026-03-20,FO,NSE,STO,44908,,KEI,,2026-03-30,2026-03-30,5250.00,PE,KEI26MAR5250PE,995.75,995.75,995.75,995.75,995.75,993.85,4188.00,1054.10,2450,0,1,1093006.25,1,F1,175,,,,,
2026-03-20,2026-03-20,FO,NSE,STO,125959,,KEI,,2026-03-30,2026-03-30,5300.00,PE,KEI26MAR5300PE,0.00,0.00,0.00,1056.90,1056.90,1056.90,4188.00,1104.05,2975,0,0,0.00,0,F1,175,,,,,
2026-03-20,2026-03-20,FO,NSE,STO,125961,,KEI,,2026-03-30,2026-03-30,5400.00,PE,KEI26MAR5400PE,0.00,0.00,0.00,438.80,438.80,438.80,4188.00,1203.85,2275,0,0,0.00,0,F1,175,,,,,
2026-03-20,2026-03-20,FO,NSE,STO,120680,,KEI,,2026-04-28,2026-04-28,3750.00,PE,KEI26APR3750PE,0.00,0.00,0.00,40.35,40.35,40.35,4188.00,46.40,700,0,0,0.00,0,F1,175,,,,,
2026-03-20,2026-03-20,FO,NSE,STO,133665,,KEI,,2026-04-28,2026-04-28,4000.00,PE,KEI26APR4000PE,128.00,149.40,107.80,149.40,149.40,158.00,4188.00,149.40,10500,5075,42,30377760.00,24,F1,175,,,,,
2026-03-20,2026-03-20,FO,NSE,STO,120690,,KEI,,2026-04-28,2026-04-28,4250.00,PE,KEI26APR4250PE,0.00,0.00,0.00,116.85,0.00,116.85,4188.00,228.00,0,0,0,0.00,0,F1,175,,,,,
2026-03-20,2026-03-20,FO,NSE,STO,133679,,KEI,,2026-04-28,2026-04-28,4700.00,PE,KEI26APR4700PE,0.00,0.00,0.00,919.10,0.00,919.10,4188.00,541.95,0,0,0,0.00,0,F1,175,,,,,
2026-03-20,2026-03-20,FO,NSE,STO,120704,,KEI,,2026-04-28,2026-04-28,4950.00,PE,KEI26APR4950PE,0.00,0.00,0.00,412.85,0.00,412.85,4188.00,759.00,0,0,0,0.00,0,F1,175,,,,,
2026-03-20,2026-03-20,FO,NSE,STO,38471,,KEI,,2026-04-28,2026-04-28,5800.00,PE,KEI26APR5800PE,0.00,0.00,0.00,1730.85,0.00,1730.85,4188.00,1579.00,0,0,0,0.00,0,F1,175,,,,,
2026-03-20,2026-03-20,FO,NSE,STO,120766,,KEI,,2026-05-26,2026-05-26,4400.00,PE,KEI26MAY4400PE,0.00,0.00,0.00,213.30,0.00,213.30,4188.00,369.85,0,0,0,0.00,0,F1,175,,,,,
2026-03-20,2026-03-20,FO,NSE,STO,133287,,KEI,,2026-03-30,2026-03-30,3850.00,CE,KEI26MAR3850CE,0.00,0.00,0.00,275.40,0.00,275.40,4188.00,353.95,0,0,0,0.00,0,F1,175,,,,,
2026-03-20,2026-03-20,FO,NSE,STO,133319,,KEI,,2026-03-30,2026-03-30,3950.00,CE,KEI26MAR3950CE,0.00,0.00,0.00,468.05,468.05,468.05,4188.00,267.35,12425,0,0,0.00,0,F1,175,,,,,
2026-03-20,2026-03-20,FO,NSE,STO,133408,,KEI,,2026-03-30,2026-03-30,4750.00,CE,KEI26MAR4750CE,4.00,5.00,4.00,4.80,4.80,4.00,4188.00,2.55,19250,0,3,2496165.00,3,F1,175,,,,,
2026-03-20,2026-03-20,FO,NSE,STO,133428,,KEI,,2026-03-30,2026-03-30,4950.00,CE,KEI26MAR4950CE,5.75,5.75,2.65,3.10,3.10,1.25,4188.00,0.40,12075,1225,39,33804050.00,28,F1,175,,,,,
2026-03-20,2026-03-20,FO,NSE,STO,120679,,KEI,,2026-04-28,2026-04-28,3750.00,CE,KEI26APR3750CE,0.00,0.00,0.00,1103.15,0.00,1103.15,4188.00,506.35,0,0,0,0.00,0,F1,175,,,,,
2026-03-20,2026-03-20,FO,NSE,STO,133672,,KEI,,2026-04-28,2026-04-28,4400.00,CE,KEI26APR4400CE,0.00,0.00,0.00,136.00,136.00,136.00,4188.00,132.35,1225,0,0,0.00,0,F1,175,,,,,
2026-03-20,2026-03-20,FO,NSE,STO,120699,,KEI,,2026-04-28,2026-04-28,4750.00,CE,KEI26APR4750CE,0.00,0.00,0.00,57.90,57.90,57.90,4188.00,49.40,875,0,0,0.00,0,F1,175,,,,,
2026-03-20,2026-03-20,FO,NSE,STO,120761,,KEI,,2026-05-26,2026-05-26,4400.00,CE,KEI26MAY4400CE,0.00,0.00,0.00,666.75,0.00,666.75,4188.00,202.05,0,0,0,0.00,0,F1,175,,,,,
2026-03-20,2026-03-20,FO,NSE,STO,121030,,KEI,,2026-05-26,2026-05-26,5800.00,CE,KEI26MAY5800CE,0.00,0.00,0.00,138.15,0.00,138.15,4188.00,8.10,0,0,0,0.00,0,F1,175,,,,,
2026-03-20,2026-03-20,FO,NSE,STO,133675,,KEI,,2026-04-28,2026-04-28,4500.00,PE,KEI26APR4500PE,413.90,433.00,407.85,433.00,433.00,448.40,4188.00,387.35,5775,1225,8,6879250.00,8,F1,175,,,,,
2026-03-20,2026-03-20,FO,NSE,STO,36488,,KEI,,2026-04-28,2026-04-28,5100.00,CE,KEI26APR5100CE,0.00,0.00,0.00,57.65,0.00,57.65,4188.00,15.55,0,0,0,0.00,0,F1,175,,,,,
2026-03-20,2026-03-20,FO,NSE,STO,133320,,KEI,,2026-03-30,2026-03-30,3950.00,PE,KEI26MAR3950PE,31.00,34.50,27.00,28.30,28.30,42.65,4188.00,28.30,10500,-350,9,6269357.50,7,F1,175,,,,,
2026-03-20,2026-03-20,FO,NSE,STO,125928,,KEI,,2026-03-30,2026-03-30,4000.00,PE,KEI26MAR4000PE,28.00,44.90,25.90,41.00,44.00,53.15,4188.00,41.00,96950,-17150,455,321041656.25,322,F1,175,,,,,
2026-03-20,2026-03-20,FO,NSE,STO,36489,,KEI,,2026-04-28,2026-04-28,5100.00,PE,KEI26APR5100PE,0.00,0.00,0.00,1201.30,0.00,1201.30,4188.00,897.65,0,0,0,0.00,0,F1,175,,,,,
2026-03-20,2026-03-20,FO,NSE,STO,53309,,KEI,,2026-04-28,2026-04-28,5700.00,PE,KEI26APR5700PE,0.00,0.00,0.00,1229.50,0.00,1229.50,4188.00,1480.10,0,0,0,0.00,0,F1,175,,,,,
2026-03-20,2026-03-20,FO,NSE,STO,121019,,KEI,,2026-05-26,2026-05-26,5400.00,PE,KEI26MAY5400PE,0.00,0.00,0.00,757.45,0.00,757.45,4188.00,1180.60,0,0,0,0.00,0,F1,175,,,,,
2026-03-20,2026-03-20,FO,NSE,STO,125920,,KEI,,2026-03-30,2026-03-30,3600.00,PE,KEI26MAR3600PE,7.25,7.25,4.00,4.80,4.90,9.05,4188.00,4.80,20650,7175,80,50460873.75,62,F1,175,,,,,
2026-03-20,2026-03-20,FO,NSE,STO,36487,,KEI,,2026-03-30,2026-03-30,5050.00,PE,KEI26MAR5050PE,0.00,0.00,0.00,803.10,803.10,803.10,4188.00,854.55,11025,0,0,0.00,0,F1,175,,,,,
2026-03-20,2026-03-20,FO,NSE,STO,125957,,KEI,,2026-03-30,2026-03-30,5200.00,PE,KEI26MAR5200PE,0.00,0.00,0.00,822.20,814.60,822.20,4188.00,1004.20,18375,0,0,0.00,0,F1,175,,,,,
2026-03-20,2026-03-20,FO,NSE,STO,51415,,KEI,,2026-04-28,2026-04-28,3650.00,PE,KEI26APR3650PE,0.00,0.00,0.00,44.25,44.25,44.25,4188.00,30.05,700,0,0,0.00,0,F1,175,,,,,
2026-03-20,2026-03-20,FO,NSE,STO,133659,,KEI,,2026-04-28,2026-04-28,3700.00,PE,KEI26APR3700PE,0.00,0.00,0.00,57.00,57.00,57.00,4188.00,37.55,1225,0,0,0.00,0,F1,175,,,,,
2026-03-20,2026-03-20,FO,NSE,STO,120688,,KEI,,2026-04-28,2026-04-28,4150.00,PE,KEI26APR4150PE,0.00,0.00,0.00,200.70,200.70,200.70,4188.00,176.80,350,0,0,0.00,0,F1,175,,,,,
2026-03-20,2026-03-20,FO,NSE,STO,44912,,KEI,,2026-04-28,2026-04-28,5300.00,PE,KEI26APR5300PE,0.00,0.00,0.00,1203.45,0.00,1203.45,4188.00,1088.45,0,0,0,0.00,0,F1,175,,,,,
2026-03-20,2026-03-20,FO,NSE,STO,120742,,KEI,,2026-05-26,2026-05-26,3800.00,PE,KEI26MAY3800PE,0.00,0.00,0.00,61.95,0.00,61.95,4188.00,99.30,0,0,0,0.00,0,F1,175,,,,,
2026-03-20,2026-03-20,FO,NSE,STO,120775,,KEI,,2026-05-26,2026-05-26,4800.00,CE,KEI26MAY4800CE,0.00,0.00,0.00,448.05,0.00,448.05,4188.00,91.55,0,0,0,0.00,0,F1,175,,,,,
2026-03-20,2026-03-20,FO,NSE,STO,125919,,KEI,,2026-03-30,2026-03-30,3600.00,CE,KEI26MAR3600CE,0.00,0.00,0.00,588.60,585.80,588.60,4188.00,594.05,5425,0,0,0.00,0,F1,175,,,,,
2026-03-20,2026-03-20,FO,NSE,STO,133283,,KEI,,2026-03-30,2026-03-30,3650.00,CE,KEI26MAR3650CE,0.00,0.00,0.00,555.60,555.60,555.60,4188.00,544.70,175,0,0,0.00,0,F1,175,,,,,
2026-03-20,2026-03-20,FO,NSE,STO,133285,,KEI,,2026-03-30,2026-03-30,3750.00,CE,KEI26MAR3750CE,0.00,0.00,0.00,490.80,490.80,490.80,4188.00,447.45,1925,0,0,0.00,0,F1,175,,,,,
2026-03-20,2026-03-20,FO,NSE,STO,125938,,KEI,,2026-03-30,2026-03-30,4300.00,CE,KEI26MAR4300CE,82.00,116.40,61.90,66.05,66.70,73.50,4188.00,66.05,68950,10850,1990,1526102847.50,1608,F1,175,,,,,
2026-03-20,2026-03-20,FO,NSE,STO,125952,,KEI,,2026-03-30,2026-03-30,5000.00,CE,KEI26MAR5000CE,2.85,3.15,1.70,2.15,2.30,2.25,4188.00,2.15,80675,-3500,73,63909203.75,61,F1,175,,,,,
2026-03-20,2026-03-20,FO,NSE,STO,125954,,KEI,,2026-03-30,2026-03-30,5100.00,CE,KEI26MAR5100CE,2.05,2.75,2.00,2.00,2.00,2.05,4188.00,2.00,32025,175,64,57145287.50,18,F1,175,,,,,
2026-03-20,2026-03-20,FO,NSE,STO,47320,,KEI,,2026-03-30,2026-03-30,5350.00,CE,KEI26MAR5350CE,2.00,2.00,2.00,2.00,2.00,2.00,4188.00,0.05,5075,175,1,936600.00,1,F1,175,,,,,
2026-03-20,2026-03-20,FO,NSE,STO,36042,,KEI,,2026-03-30,2026-03-30,5700.00,CE,KEI26MAR5700CE,0.00,0.00,0.00,84.95,0.00,84.95,4188.00,0.05,0,0,0,0.00,0,F1,175,,,,,
2026-03-20,2026-03-20,FO,NSE,STO,120687,,KEI,,2026-04-28,2026-04-28,4150.00,CE,KEI26APR4150CE,0.00,0.00,0.00,770.50,0.00,770.50,4188.00,239.10,0,0,0,0.00,0,F1,175,,,,,
2026-03-20,2026-03-20,FO,NSE,STO,120703,,KEI,,2026-04-28,2026-04-28,4950.00,CE,KEI26APR4950CE,0.00,0.00,0.00,300.40,0.00,300.40,4188.00,26.00,0,0,0,0.00,0,F1,175,,,,,
2026-03-20,2026-03-20,FO,NSE,STO,120759,,KEI,,2026-05-26,2026-05-26,4300.00,CE,KEI26MAY4300CE,0.00,0.00,0.00,731.15,0.00,731.15,4188.00,241.70,0,0,0,0.00,0,F1,175,,,,,
2026-03-20,2026-03-20,FO,NSE,STO,121026,,KEI,,2026-05-26,2026-05-26,5600.00,CE,KEI26MAY5600CE,0.00,0.00,0.00,178.15,0.00,178.15,4188.00,13.75,0,0,0,0.00,0,F1,175,,,,,
2026-03-20,2026-03-20,FO,NSE,STO,120714,,KEI,,2026-04-28,2026-04-28,5450.00,PE,KEI26APR5450PE,0.00,0.00,0.00,751.25,0.00,751.25,4188.00,1234.25,0,0,0,0.00,0,F1,175,,,,,
2026-03-20,2026-03-20,FO,NSE,STO,120686,,KEI,,2026-04-28,2026-04-28,4050.00,PE,KEI26APR4050PE,0.00,0.00,0.00,71.30,0.00,71.30,4188.00,133.20,0,0,0,0.00,0,F1,175,,,,,
2026-03-20,2026-03-20,FO,NSE,STO,133387,,KEI,,2026-03-30,2026-03-30,4250.00,CE,KEI26MAR4250CE,127.00,140.00,81.35,86.05,81.40,93.10,4188.00,86.05,22750,13475,978,743781106.25,698,F1,175,,,,,
2026-03-20,2026-03-20,FO,NSE,STO,38469,,KEI,,2026-03-30,2026-03-30,5800.00,PE,KEI26MAR5800PE,0.00,0.00,0.00,1743.15,0.00,1743.15,4188.00,1603.25,0,0,0,0.00,0,F1,175,,,,,
2026-03-20,2026-03-20,FO,NSE,STO,36043,,KEI,,2026-03-30,2026-03-30,5700.00,PE,KEI26MAR5700PE,0.00,0.00,0.00,1241.00,0.00,1241.00,4188.00,1503.40,0,0,0,0.00,0,F1,175,,,,,
2026-03-20,2026-03-20,FO,NSE,STO,133429,,KEI,,2026-03-30,2026-03-30,4950.00,PE,KEI26MAR4950PE,0.00,0.00,0.00,767.85,767.85,767.85,4188.00,754.95,14000,0,0,0.00,0,F1,175,,,,,
2026-03-20,2026-03-20,FO,NSE,STO,133398,,KEI,,2026-03-30,2026-03-30,4350.00,CE,KEI26MAR4350CE,72.90,90.90,48.55,51.40,48.70,55.45,4188.00,51.40,19425,700,125,96695025.00,115,F1,175,,,,,
2026-03-20,2026-03-20,FO,NSE,STO,125948,,KEI,,2026-03-30,2026-03-30,4800.00,CE,KEI26MAR4800CE,4.50,6.30,3.75,4.30,4.20,4.25,4188.00,4.30,39200,175,45,37836505.00,42,F1,175,,,,,
2026-03-20,2026-03-20,FO,NSE,STO,38466,,KEI,,2026-03-30,2026-03-30,5150.00,CE,KEI26MAR5150CE,0.85,0.85,0.85,0.85,0.85,1.05,4188.00,0.85,6125,0,1,901398.75,1,F1,175,,,,,
2026-03-20,2026-03-20,FO,NSE,STO,47322,,KEI,,2026-03-30,2026-03-30,5450.00,CE,KEI26MAR5450CE,0.00,0.00,0.00,46.85,0.00,46.85,4188.00,0.05,0,0,0,0.00,0,F1,175,,,,,
2026-03-20,2026-03-20,FO,NSE,STO,133647,,KEI,,2026-04-28,2026-04-28,3600.00,CE,KEI26APR3600CE,0.00,0.00,0.00,471.00,0.00,471.00,4188.00,632.90,0,0,0,0.00,0,F1,175,,,,,
2026-03-20,2026-03-20,FO,NSE,STO,120683,,KEI,,2026-04-28,2026-04-28,3950.00,CE,KEI26APR3950CE,0.00,0.00,0.00,930.35,0.00,930.35,4188.00,358.40,0,0,0,0.00,0,F1,175,,,,,
2026-03-20,2026-03-20,FO,NSE,STO,120705,,KEI,,2026-04-28,2026-04-28,5050.00,CE,KEI26APR5050CE,0.00,0.00,0.00,261.60,0.00,261.60,4188.00,18.50,0,0,0,0.00,0,F1,175,,,,,
2026-03-20,2026-03-20,FO,NSE,STO,120741,,KEI,,2026-05-26,2026-05-26,3800.00,CE,KEI26MAY3800CE,0.00,0.00,0.00,1105.55,0.00,1105.55,4188.00,525.50,0,0,0,0.00,0,F1,175,,,,,
2026-03-20,2026-03-20,FO,NSE,STO,125951,,KEI,,2026-03-30,2026-03-30,4900.00,PE,KEI26MAR4900PE,0.00,0.00,0.00,690.50,690.50,690.50,4188.00,705.25,9975,0,0,0.00,0,F1,175,,,,,
2026-03-20,2026-03-20,FO,NSE,STO,125945,,KEI,,2026-03-30,2026-03-30,4600.00,PE,KEI26MAR4600PE,400.05,400.05,400.00,400.05,400.00,400.00,4188.00,400.05,18025,0,2,1750008.75,2,F1,175,,,,,
2026-03-20,2026-03-20,FO,NSE,STO,133388,,KEI,,2026-03-30,2026-03-30,4250.00,PE,KEI26MAR4250PE,120.00,139.00,99.00,133.95,132.85,142.75,4188.00,133.95,16275,1925,112,85709347.50,91,F1,175,,,,,
2026-03-20,2026-03-20,FO,NSE,STO,120787,,KEI,,2026-05-26,2026-05-26,5200.00,CE,KEI26MAY5200CE,0.00,0.00,0.00,288.00,0.00,288.00,4188.00,37.20,0,0,0,0.00,0,F1,175,,,,,
2026-03-20,2026-03-20,FO,NSE,STO,125960,,KEI,,2026-03-30,2026-03-30,5400.00,CE,KEI26MAR5400CE,0.85,0.85,0.30,0.45,0.30,0.80,4188.00,0.45,19950,-700,6,5670586.25,4,F1,175,,,,,
2026-03-20,2026-03-20,FO,NSE,STO,133657,,KEI,,2026-04-28,2026-04-28,3600.00,PE,KEI26APR3600PE,0.00,0.00,0.00,47.75,47.75,47.75,4188.00,23.80,700,0,0,0.00,0,F1,175,,,,,
2026-03-20,2026-03-20,FO,NSE,STO,120786,,KEI,,2026-05-26,2026-05-26,5100.00,PE,KEI26MAY5100PE,0.00,0.00,0.00,557.95,0.00,557.95,4188.00,907.80,0,0,0,0.00,0,F1,175,,,,,
2026-03-20,2026-03-20,FO,NSE,STO,120772,,KEI,,2026-05-26,2026-05-26,4600.00,PE,KEI26MAY4600PE,0.00,0.00,0.00,293.05,0.00,293.05,4188.00,503.80,0,0,0,0.00,0,F1,175,,,,,
2026-03-20,2026-03-20,FO,NSE,STO,44911,,KEI,,2026-04-28,2026-04-28,5300.00,CE,KEI26APR5300CE,0.00,0.00,0.00,40.00,40.00,40.00,4188.00,7.50,175,0,0,0.00,0,F1,175,,,,,
2026-03-20,2026-03-20,FO,NSE,STO,120697,,KEI,,2026-04-28,2026-04-28,4650.00,CE,KEI26APR4650CE,0.00,0.00,0.00,442.85,0.00,442.85,4188.00,66.65,0,0,0,0.00,0,F1,175,,,,,
2026-03-20,2026-03-20,FO,NSE,STO,120693,,KEI,,2026-04-28,2026-04-28,4450.00,CE,KEI26APR4450CE,0.00,0.00,0.00,99.60,99.60,99.60,4188.00,116.25,1050,0,0,0.00,0,F1,175,,,,,
2026-03-20,2026-03-20,FO,NSE,STO,133660,,KEI,,2026-04-28,2026-04-28,3800.00,CE,KEI26APR3800CE,0.00,0.00,0.00,365.80,0.00,365.80,4188.00,466.95,0,0,0,0.00,0,F1,175,,,,,
2026-03-20,2026-03-20,FO,NSE,STO,133658,,KEI,,2026-04-28,2026-04-28,3700.00,CE,KEI26APR3700CE,0.00,0.00,0.00,416.00,0.00,416.00,4188.00,547.25,0,0,0,0.00,0,F1,175,,,,,
2026-03-20,2026-03-20,FO,NSE,STO,47328,,KEI,,2026-03-30,2026-03-30,5550.00,CE,KEI26MAR5550CE,0.00,0.00,0.00,38.05,0.00,38.05,4188.00,0.05,0,0,0,0.00,0,F1,175,,,,,
2026-03-20,2026-03-20,FO,NSE,STO,44907,,KEI,,2026-03-30,2026-03-30,5250.00,CE,KEI26MAR5250CE,0.00,0.00,0.00,0.55,0.55,0.55,4188.00,0.05,15925,0,0,0.00,0,F1,175,,,,,
2026-03-20,2026-03-20,FO,NSE,STO,133412,,KEI,,2026-03-30,2026-03-30,4850.00,CE,KEI26MAR4850CE,3.05,3.05,2.30,2.70,2.70,3.05,4188.00,1.05,26250,0,13,11039463.75,5,F1,175,,,,,
2026-03-20,2026-03-20,FO,NSE,STO,125946,,KEI,,2026-03-30,2026-03-30,4700.00,CE,KEI26MAR4700CE,9.80,9.80,6.15,6.70,6.95,5.60,4188.00,6.70,73325,-700,195,160637890.00,185,F1,175,,,,,
2026-03-20,2026-03-20,FO,NSE,STO,125944,,KEI,,2026-03-30,2026-03-30,4600.00,CE,KEI26MAR4600CE,16.00,20.25,11.80,13.35,12.70,11.70,4188.00,13.35,270550,126175,1737,1402981510.00,1084,F1,175,,,,,
2026-03-20,2026-03-20,FO,NSE,STO,133402,,KEI,,2026-03-30,2026-03-30,4550.00,CE,KEI26MAR4550CE,21.00,25.30,16.15,16.45,16.70,15.30,4188.00,16.45,30450,10675,97,77579678.75,81,F1,175,,,,,
2026-03-20,2026-03-20,FO,NSE,STO,125942,,KEI,,2026-03-30,2026-03-30,4500.00,CE,KEI26MAR4500CE,30.00,37.95,19.50,21.70,20.65,22.45,4188.00,21.70,65275,-26425,991,785551497.50,696,F1,175,,,,,
2026-03-20,2026-03-20,FO,NSE,STO,133286,,KEI,,2026-03-30,2026-03-30,3750.00,PE,KEI26MAR3750PE,6.25,12.50,6.25,10.85,11.00,20.00,4188.00,10.85,6650,-700,17,11185790.00,12,F1,175,,,,,
2026-03-20,2026-03-20,FO,NSE,STO,133693,,KEI,,2026-04-28,2026-04-28,5400.00,PE,KEI26APR5400PE,0.00,0.00,0.00,1540.75,0.00,1540.75,4188.00,1185.45,0,0,0,0.00,0,F1,175,,,,,
2026-03-20,2026-03-20,FO,NSE,STO,120694,,KEI,,2026-04-28,2026-04-28,4450.00,PE,KEI26APR4450PE,0.00,0.00,0.00,393.70,393.70,393.70,4188.00,352.15,1050,0,0,0.00,0,F1,175,,,,,
2026-03-20,2026-03-20,FO,NSE,STO,120684,,KEI,,2026-04-28,2026-04-28,3950.00,PE,KEI26APR3950PE,0.00,0.00,0.00,106.40,106.40,106.40,4188.00,97.25,2100,0,0,0.00,0,F1,175,,,,,
2026-03-20,2026-03-20,FO,NSE,STO,133663,,KEI,,2026-04-28,2026-04-28,3900.00,PE,KEI26APR3900PE,0.00,0.00,0.00,62.20,62.20,62.20,4188.00,82.00,350,0,0,0.00,0,F1,175,,,,,
2026-03-20,2026-03-20,FO,NSE,STO,120682,,KEI,,2026-04-28,2026-04-28,3850.00,PE,KEI26APR3850PE,0.00,0.00,0.00,85.00,85.00,85.00,4188.00,68.50,1050,0,0,0.00,0,F1,175,,,,,
2026-03-20,2026-03-20,FO,NSE,STO,133661,,KEI,,2026-04-28,2026-04-28,3800.00,PE,KEI26APR3800PE,0.00,0.00,0.00,91.00,91.00,91.00,4188.00,56.65,1225,0,0,0.00,0,F1,175,,,,,
2026-03-20,2026-03-20,FO,NSE,STO,125965,,KEI,,2026-03-30,2026-03-30,5600.00,PE,KEI26MAR5600PE,0.00,0.00,0.00,1244.35,0.00,1244.35,4188.00,1403.55,0,0,0,0.00,0,F1,175,,,,,
2026-03-20,2026-03-20,FO,NSE,STO,133409,,KEI,,2026-03-30,2026-03-30,4750.00,PE,KEI26MAR4750PE,486.70,486.70,466.65,466.65,466.65,374.15,4188.00,557.40,15400,0,6,5488008.75,3,F1,175,,,,,
2026-03-20,2026-03-20,FO,NSE,STO,133407,,KEI,,2026-03-30,2026-03-30,4650.00,PE,KEI26MAR4650PE,0.00,0.00,0.00,408.90,408.90,408.90,4188.00,460.95,23625,0,0,0.00,0,F1,175,,,,,
2026-03-20,2026-03-20,FO,NSE,STO,120711,,KEI,,2026-04-28,2026-04-28,5350.00,CE,KEI26APR5350CE,0.00,0.00,0.00,168.45,0.00,168.45,4188.00,6.20,0,0,0,0.00,0,F1,175,,,,,
2026-03-20,2026-03-20,FO,NSE,STO,120770,,KEI,,2026-05-26,2026-05-26,4500.00,PE,KEI26MAY4500PE,0.00,0.00,0.00,251.25,0.00,251.25,4188.00,434.40,0,0,0,0.00,0,F1,175,,,,,
2026-03-20,2026-03-20,FO,NSE,STO,120760,,KEI,,2026-05-26,2026-05-26,4300.00,PE,KEI26MAY4300PE,0.00,0.00,0.00,179.35,0.00,179.35,4188.00,310.50,0,0,0,0.00,0,F1,175,,,,,
2026-03-20,2026-03-20,FO,NSE,STO,120756,,KEI,,2026-05-26,2026-05-26,4100.00,PE,KEI26MAY4100PE,0.00,0.00,0.00,122.35,0.00,122.35,4188.00,208.65,0,0,0,0.00,0,F1,175,,,,,
2026-03-20,2026-03-20,FO,NSE,STO,133681,,KEI,,2026-04-28,2026-04-28,4800.00,PE,KEI26APR4800PE,0.00,0.00,0.00,1002.90,0.00,1002.90,4188.00,626.15,0,0,0,0.00,0,F1,175,,,,,
2026-03-20,2026-03-20,FO,NSE,STO,125949,,KEI,,2026-03-30,2026-03-30,4800.00,PE,KEI26MAR4800PE,0.00,0.00,0.00,609.35,609.35,609.35,4188.00,606.40,26950,0,0,0.00,0,F1,175,,,,,
2026-03-20,2026-03-20,FO,NSE,STO,133401,,KEI,,2026-03-30,2026-03-30,4450.00,PE,KEI26MAR4450PE,0.00,0.00,0.00,149.90,150.65,149.90,4188.00,280.75,3500,0,0,0.00,0,F1,175,,,,,
2026-03-20,2026-03-20,FO,NSE,STO,125939,,KEI,,2026-03-30,2026-03-30,4300.00,PE,KEI26MAR4300PE,115.10,167.70,102.75,159.95,165.00,171.20,4188.00,159.95,23275,-2625,238,184694676.25,218,F1,175,,,,,
2026-03-20,2026-03-20,FO,NSE,STO,125924,,KEI,,2026-03-30,2026-03-30,3800.00,PE,KEI26MAR3800PE,8.35,14.90,8.35,14.00,13.70,21.05,4188.00,14.00,30100,-1925,128,85377731.25,106,F1,175,,,,,
2026-03-20,2026-03-20,FO,NSE,STO,120789,,KEI,,2026-05-26,2026-05-26,5300.00,CE,KEI26MAY5300CE,0.00,0.00,0.00,256.20,0.00,256.20,4188.00,29.25,0,0,0,0.00,0,F1,175,,,,,
2026-03-20,2026-03-20,FO,NSE,STO,120785,,KEI,,2026-05-26,2026-05-26,5100.00,CE,KEI26MAY5100CE,0.00,0.00,0.00,322.90,0.00,322.90,4188.00,47.00,0,0,0,0.00,0,F1,175,,,,,
2026-03-20,2026-03-20,FO,NSE,STO,120773,,KEI,,2026-05-26,2026-05-26,4700.00,CE,KEI26MAY4700CE,0.00,0.00,0.00,497.05,0.00,497.05,4188.00,112.80,0,0,0,0.00,0,F1,175,,,,,
2026-03-20,2026-03-20,FO,NSE,STO,120757,,KEI,,2026-05-26,2026-05-26,4200.00,CE,KEI26MAY4200CE,0.00,0.00,0.00,799.20,0.00,799.20,4188.00,286.90,0,0,0,0.00,0,F1,175,,,,,
2026-03-20,2026-03-20,FO,NSE,STO,53308,,KEI,,2026-04-28,2026-04-28,5700.00,CE,KEI26APR5700CE,0.00,0.00,0.00,70.75,0.00,70.75,4188.00,1.50,0,0,0,0.00,0,F1,175,,,,,
2026-03-20,2026-03-20,FO,NSE,STO,133690,,KEI,,2026-04-28,2026-04-28,5400.00,CE,KEI26APR5400CE,0.00,0.00,0.00,6.00,6.00,6.00,4188.00,5.10,0,0,0,0.00,0,F1,175,,,,,
2026-03-20,2026-03-20,FO,NSE,STO,133662,,KEI,,2026-04-28,2026-04-28,3900.00,CE,KEI26APR3900CE,0.00,0.00,0.00,320.25,0.00,320.25,4188.00,392.85,0,0,0,0.00,0,F1,175,,,,,
2026-03-20,2026-03-20,FO,NSE,STO,120681,,KEI,,2026-04-28,2026-04-28,3850.00,CE,KEI26APR3850CE,0.00,0.00,0.00,1015.30,0.00,1015.30,4188.00,429.05,0,0,0,0.00,0,F1,175,,,,,
2026-03-20,2026-03-20,FO,NSE,STO,125958,,KEI,,2026-03-30,2026-03-30,5300.00,CE,KEI26MAR5300CE,1.50,1.50,1.50,1.50,1.50,1.30,4188.00,0.05,22750,-525,3,2783287.50,1,F1,175,,,,,
2026-03-20,2026-03-20,FO,NSE,STO,120784,,KEI,,2026-05-26,2026-05-26,5000.00,PE,KEI26MAY5000PE,0.00,0.00,0.00,497.80,0.00,497.80,4188.00,820.85,0,0,0,0.00,0,F1,175,,,,,
2026-03-20,2026-03-20,FO,NSE,STO,133680,,KEI,,2026-04-28,2026-04-28,4800.00,CE,KEI26APR4800CE,0.00,0.00,0.00,81.60,0.00,81.60,4188.00,42.30,0,0,0,0.00,0,F1,175,,,,,
2026-03-20,2026-03-20,FO,NSE,STO,38468,,KEI,,2026-03-30,2026-03-30,5800.00,CE,KEI26MAR5800CE,0.00,0.00,0.00,7.45,0.00,7.45,4188.00,0.05,0,0,0,0.00,0,F1,175,,,,,
2026-03-20,2026-03-20,FO,NSE,STO,125956,,KEI,,2026-03-30,2026-03-30,5200.00,CE,KEI26MAR5200CE,2.00,2.05,1.50,2.00,1.50,1.90,4188.00,2.00,68250,-1750,82,74647405.00,29,F1,175,,,,,
2026-03-20,2026-03-20,FO,NSE,STO,133383,,KEI,,2026-03-30,2026-03-30,4150.00,CE,KEI26MAR4150CE,209.60,209.60,130.00,135.40,135.40,280.90,4188.00,128.45,5425,-350,19,14357043.75,15,F1,175,,,,,
2026-03-20,2026-03-20,FO,NSE,STO,133277,,KEI,,2026-03-30,2026-03-30,3350.00,CE,KEI26MAR3350CE,0.00,0.00,0.00,1559.65,1559.65,1559.65,4188.00,843.05,0,0,0,0.00,0,F1,175,,,,,
2026-03-20,2026-03-20,FO,NSE,STO,120767,,KEI,,2026-05-26,2026-05-26,4500.00,CE,KEI26MAY4500CE,0.00,0.00,0.00,606.35,0.00,606.35,4188.00,167.60,0,0,0,0.00,0,F1,175,,,,,
2026-03-20,2026-03-20,FO,NSE,STO,120790,,KEI,,2026-05-26,2026-05-26,5300.00,PE,KEI26MAY5300PE,0.00,0.00,0.00,687.95,0.00,687.95,4188.00,1088.00,0,0,0,0.00,0,F1,175,,,,,
2026-03-20,2026-03-20,FO,NSE,STO,120774,,KEI,,2026-05-26,2026-05-26,4700.00,PE,KEI26MAY4700PE,0.00,0.00,0.00,338.65,0.00,338.65,4188.00,577.60,0,0,0,0.00,0,F1,175,,,,,
2026-03-20,2026-03-20,FO,NSE,STO,120758,,KEI,,2026-05-26,2026-05-26,4200.00,PE,KEI26MAY4200PE,0.00,0.00,0.00,149.05,0.00,149.05,4188.00,256.70,0,0,0,0.00,0,F1,175,,,,,
2026-03-20,2026-03-20,FO,NSE,STO,120710,,KEI,,2026-04-28,2026-04-28,5250.00,PE,KEI26APR5250PE,0.00,0.00,0.00,964.65,964.65,964.65,4188.00,1040.25,0,0,0,0.00,0,F1,175,,,,,
2026-03-20,2026-03-20,FO,NSE,STO,133689,,KEI,,2026-04-28,2026-04-28,5200.00,PE,KEI26APR5200PE,0.00,0.00,0.00,1356.20,0.00,1356.20,4188.00,992.35,0,0,0,0.00,0,F1,175,,,,,
2026-03-20,2026-03-20,FO,NSE,STO,120696,,KEI,,2026-04-28,2026-04-28,4550.00,PE,KEI26APR4550PE,0.00,0.00,0.00,98.00,98.00,98.00,4188.00,424.00,1750,0,0,0.00,0,F1,175,,,,,
2026-03-20,2026-03-20,FO,NSE,STO,47329,,KEI,,2026-03-30,2026-03-30,5550.00,PE,KEI26MAR5550PE,0.00,0.00,0.00,1168.20,0.00,1168.20,4188.00,1353.65,0,0,0,0.00,0,F1,175,,,,,
2026-03-20,2026-03-20,FO,NSE,STO,133382,,KEI,,2026-03-30,2026-03-30,4050.00,PE,KEI26MAR4050PE,45.50,57.95,45.50,54.75,54.00,64.75,4188.00,54.75,6475,350,12,8619913.75,12,F1,175,,,,,
2026-03-20,2026-03-20,FO,NSE,STO,121020,,KEI,,2026-05-26,2026-05-26,5500.00,CE,KEI26MAY5500CE,0.00,0.00,0.00,201.55,0.00,201.55,4188.00,17.80,0,0,0,0.00,0,F1,175,,,,,
2026-03-20,2026-03-20,FO,NSE,STO,121018,,KEI,,2026-05-26,2026-05-26,5400.00,CE,KEI26MAY5400CE,0.00,0.00,0.00,227.40,0.00,227.40,4188.00,22.85,0,0,0,0.00,0,F1,175,,,,,
2026-03-20,2026-03-20,FO,NSE,STO,120783,,KEI,,2026-05-26,2026-05-26,5000.00,CE,KEI26MAY5000CE,0.00,0.00,0.00,361.15,0.00,361.15,4188.00,59.10,0,0,0,0.00,0,F1,175,,,,,
2026-03-20,2026-03-20,FO,NSE,STO,120709,,KEI,,2026-04-28,2026-04-28,5250.00,CE,KEI26APR5250CE,13.00,13.00,10.30,13.00,13.00,12.50,4188.00,9.00,5425,0,9,8288096.25,7,F1,175,,,,,
2026-03-20,2026-03-20,FO,NSE,STO,133682,,KEI,,2026-04-28,2026-04-28,4900.00,CE,KEI26APR4900CE,0.00,0.00,0.00,63.75,63.75,63.75,4188.00,30.70,1050,0,0,0.00,0,F1,175,,,,,
2026-03-20,2026-03-20,FO,NSE,STO,125962,,KEI,,2026-03-30,2026-03-30,5500.00,CE,KEI26MAR5500CE,0.50,0.95,0.20,0.30,0.20,0.35,4188.00,0.30,41300,0,17,16364311.25,11,F1,175,,,,,
2026-03-20,2026-03-20,FO,NSE,STO,125936,,KEI,,2026-03-30,2026-03-30,4200.00,CE,KEI26MAR4200CE,170.00,175.00,104.00,110.10,104.70,119.75,4188.00,110.10,20825,-1400,221,167188218.75,164,F1,175,,,,,
2026-03-20,2026-03-20,FO,NSE,STO,125925,,KEI,,2026-03-30,2026-03-30,3900.00,CE,KEI26MAR3900CE,0.00,0.00,0.00,395.95,395.95,395.95,4188.00,309.60,3325,0,0,0.00,0,F1,175,,,,,
2026-03-20,2026-03-20,FO,NSE,STO,120701,,KEI,,2026-04-28,2026-04-28,4850.00,CE,KEI26APR4850CE,0.00,0.00,0.00,343.45,0.00,343.45,4188.00,36.10,0,0,0,0.00,0,F1,175,,,,,
2026-03-20,2026-03-20,FO,NSE,STO,133668,,KEI,,2026-04-28,2026-04-28,4200.00,CE,KEI26APR4200CE,235.00,261.00,200.00,200.00,200.00,210.00,4188.00,214.05,3500,350,4,3096800.00,4,F1,175,,,,,
2026-03-20,2026-03-20,FO,NSE,STO,133666,,KEI,,2026-04-28,2026-04-28,4100.00,CE,KEI26APR4100CE,0.00,0.00,0.00,299.90,299.90,299.90,4188.00,266.10,1225,0,0,0.00,0,F1,175,,,,,
2026-03-20,2026-03-20,FO,NSE,STO,120685,,KEI,,2026-04-28,2026-04-28,4050.00,CE,KEI26APR4050CE,0.00,0.00,0.00,848.60,0.00,848.60,4188.00,294.95,0,0,0,0.00,0,F1,175,,,,,
2026-03-20,2026-03-20,FO,NSE,STO,120782,,KEI,,2026-05-26,2026-05-26,4900.00,PE,KEI26MAY4900PE,0.00,0.00,0.00,441.10,0.00,441.10,4188.00,736.60,0,0,0,0.00,0,F1,175,,,,,
2026-03-20,2026-03-20,FO,NSE,STO,120776,,KEI,,2026-05-26,2026-05-26,4800.00,PE,KEI26MAY4800PE,0.00,0.00,0.00,388.05,0.00,388.05,4188.00,655.35,0,0,0,0.00,0,F1,175,,,,,
2026-03-20,2026-03-20,FO,NSE,STO,47385,,KEI,,2026-04-28,2026-04-28,5500.00,PE,KEI26APR5500PE,0.00,0.00,0.00,1141.25,0.00,1141.25,4188.00,1283.20,0,0,0,0.00,0,F1,175,,,,,
2026-03-20,2026-03-20,FO,NSE,STO,120702,,KEI,,2026-04-28,2026-04-28,4850.00,PE,KEI26APR4850PE,0.00,0.00,0.00,357.00,0.00,357.00,4188.00,669.65,0,0,0,0.00,0,F1,175,,,,,
2026-03-20,2026-03-20,FO,NSE,STO,120698,,KEI,,2026-04-28,2026-04-28,4650.00,PE,KEI26APR4650PE,0.00,0.00,0.00,258.70,0.00,258.70,4188.00,501.40,0,0,0,0.00,0,F1,175,,,,,
2026-03-20,2026-03-20,FO,NSE,STO,133677,,KEI,,2026-04-28,2026-04-28,4600.00,PE,KEI26APR4600PE,0.00,0.00,0.00,837.60,0.00,837.60,4188.00,462.05,0,0,0,0.00,0,F1,175,,,,,
2026-03-20,2026-03-20,FO,NSE,STO,120743,,KEI,,2026-05-26,2026-05-26,3900.00,CE,KEI26MAY3900CE,0.00,0.00,0.00,1024.10,0.00,1024.10,4188.00,457.20,0,0,0,0.00,0,F1,175,,,,,
2026-03-20,2026-03-20,FO,NSE,STF,51953,,KEI,,2026-03-30,2026-03-30,,,KEI26MARFUT,4264.00,4312.50,4186.00,4199.50,4190.50,4195.00,4188.00,4199.50,1496075,-28350,2108,1562740987.50,1898,F1,175,,,,,
2026-03-20,2026-03-20,FO,NSE,STO,133379,,KEI,,2026-03-30,2026-03-30,4050.00,CE,KEI26MAR4050CE,0.00,0.00,0.00,222.55,222.55,222.55,4188.00,191.15,3500,0,0,0.00,0,F1,175,,,,,
2026-03-20,2026-03-20,FO,NSE,STO,133400,,KEI,,2026-03-30,2026-03-30,4450.00,CE,KEI26MAR4450CE,38.00,50.00,25.85,28.25,28.65,30.80,4188.00,28.25,18200,4550,115,90325681.25,79,F1,175,,,,,
2026-03-20,2026-03-20,FO,NSE,STO,36486,,KEI,,2026-03-30,2026-03-30,5050.00,CE,KEI26MAR5050CE,1.80,1.80,1.80,1.80,1.80,1.80,4188.00,0.15,8225,-350,3,2652195.00,2,F1,175,,,,,
2026-03-20,2026-03-20,FO,NSE,STO,133664,,KEI,,2026-04-28,2026-04-28,4000.00,CE,KEI26APR4000CE,0.00,0.00,0.00,279.20,0.00,279.20,4188.00,325.75,0,0,0,0.00,0,F1,175,,,,,
2026-03-20,2026-03-20,FO,NSE,STO,133670,,KEI,,2026-04-28,2026-04-28,4300.00,CE,KEI26APR4300CE,200.00,221.80,151.00,151.00,151.00,190.00,4188.00,169.60,1225,700,5,3922240.00,5,F1,175,,,,,
2026-03-20,2026-03-20,FO,NSE,STO,133674,,KEI,,2026-04-28,2026-04-28,4500.00,CE,KEI26APR4500CE,115.00,123.70,92.80,93.55,92.80,95.00,4188.00,93.55,20825,4200,92,74197156.25,64,F1,175,,,,,
2026-03-20,2026-03-20,FO,NSE,STO,133678,,KEI,,2026-04-28,2026-04-28,4700.00,CE,KEI26APR4700CE,0.00,0.00,0.00,104.50,104.50,104.50,4188.00,57.50,700,0,0,0.00,0,F1,175,,,,,
2026-03-20,2026-03-20,FO,NSE,STO,133686,,KEI,,2026-04-28,2026-04-28,5000.00,CE,KEI26APR5000CE,0.00,0.00,0.00,58.15,0.00,58.15,4188.00,21.95,0,0,0,0.00,0,F1,175,,,,,
2026-03-20,2026-03-20,FO,NSE,STO,120707,,KEI,,2026-04-28,2026-04-28,5150.00,CE,KEI26APR5150CE,0.00,0.00,0.00,226.85,0.00,226.85,4188.00,13.00,0,0,0,0.00,0,F1,175,,,,,
2026-03-20,2026-03-20,FO,NSE,STO,47373,,KEI,,2026-04-28,2026-04-28,5500.00,CE,KEI26APR5500CE,0.00,0.00,0.00,88.05,0.00,88.05,4188.00,3.45,0,0,0,0.00,0,F1,175,,,,,
2026-03-20,2026-03-20,FO,NSE,STO,133694,,KEI,,2026-04-28,2026-04-28,5600.00,CE,KEI26APR5600CE,0.00,0.00,0.00,19.85,0.00,19.85,4188.00,2.30,0,0,0,0.00,0,F1,175,,,,,
2026-03-20,2026-03-20,FO,NSE,STO,120737,,KEI,,2026-05-26,2026-05-26,3600.00,CE,KEI26MAY3600CE,0.00,0.00,0.00,1276.55,0.00,1276.55,4188.00,677.80,0,0,0,0.00,0,F1,175,,,,,
2026-03-20,2026-03-20,FO,NSE,STO,120771,,KEI,,2026-05-26,2026-05-26,4600.00,CE,KEI26MAY4600CE,0.00,0.00,0.00,549.80,0.00,549.80,4188.00,138.00,0,0,0,0.00,0,F1,175,,,,,
2026-03-20,2026-03-20,FO,NSE,STO,133284,,KEI,,2026-03-30,2026-03-30,3650.00,PE,KEI26MAR3650PE,0.00,0.00,0.00,21.85,21.85,21.85,4188.00,1.20,875,0,0,0.00,0,F1,175,,,,,
2026-03-20,2026-03-20,FO,NSE,STO,125926,,KEI,,2026-03-30,2026-03-30,3900.00,PE,KEI26MAR3900PE,10.65,26.65,10.65,24.55,26.65,33.45,4188.00,24.55,9975,-175,35,24005415.00,35,F1,175,,,,,
2026-03-20,2026-03-20,FO,NSE,STO,125937,,KEI,,2026-03-30,2026-03-30,4200.00,PE,KEI26MAR4200PE,100.00,114.25,67.35,108.10,113.00,123.40,4188.00,108.10,21700,-2975,665,499591050.00,470,F1,175,,,,,
2026-03-20,2026-03-20,FO,NSE,STO,133403,,KEI,,2026-03-30,2026-03-30,4550.00,PE,KEI26MAR4550PE,319.15,354.20,319.15,350.90,350.90,289.75,4188.00,367.95,11900,-350,7,5999008.75,7,F1,175,,,,,
2026-03-20,2026-03-20,FO,NSE,STO,133687,,KEI,,2026-04-28,2026-04-28,5000.00,PE,KEI26APR5000PE,0.00,0.00,0.00,1176.40,0.00,1176.40,4188.00,804.65,0,0,0,0.00,0,F1,175,,,,,
2026-03-20,2026-03-20,FO,NSE,STO,120740,,KEI,,2026-05-26,2026-05-26,3700.00,PE,KEI26MAY3700PE,0.00,0.00,0.00,47.85,0.00,47.85,4188.00,74.00,0,0,0,0.00,0,F1,175,,,,,
2026-03-20,2026-03-20,FO,NSE,STO,120749,,KEI,,2026-05-26,2026-05-26,4000.00,PE,KEI26MAY4000PE,0.00,0.00,0.00,98.90,0.00,98.90,4188.00,166.40,0,0,0,0.00,0,F1,175,,,,,
2026-03-20,2026-03-20,FO,NSE,STO,120713,,KEI,,2026-04-28,2026-04-28,5450.00,CE,KEI26APR5450CE,0.00,0.00,0.00,144.55,0.00,144.55,4188.00,4.20,0,0,0,0.00,0,F1,175,,,,,
2026-03-20,2026-03-20,FO,NSE,STO,120695,,KEI,,2026-04-28,2026-04-28,4550.00,CE,KEI26APR4550CE,0.00,0.00,0.00,101.85,101.85,101.85,4188.00,88.70,3150,0,0,0.00,0,F1,175,,,,,
2026-03-20,2026-03-20,FO,NSE,STO,125927,,KEI,,2026-03-30,2026-03-30,4000.00,CE,KEI26MAR4000CE,265.00,265.00,234.15,241.45,241.40,254.50,4188.00,241.45,5075,0,4,2971850.00,4,F1,175,,,,,
2026-03-20,2026-03-20,FO,NSE,STO,125921,,KEI,,2026-03-30,2026-03-30,3700.00,CE,KEI26MAR3700CE,0.00,0.00,0.00,541.80,541.80,541.80,4188.00,495.75,1750,0,0,0.00,0,F1,175,,,,,
2026-03-20,2026-03-20,FO,NSE,STO,133688,,KEI,,2026-04-28,2026-04-28,5200.00,CE,KEI26APR5200CE,0.00,0.00,0.00,41.00,0.00,41.00,4188.00,10.85,0,0,0,0.00,0,F1,175,,,,,
2026-03-20,2026-03-20,FO,NSE,STO,133669,,KEI,,2026-04-28,2026-04-28,4200.00,PE,KEI26APR4200PE,0.00,0.00,0.00,240.75,240.75,240.75,4188.00,201.45,1050,0,0,0.00,0,F1,175,,,,,
2026-03-20,2026-03-20,FO,NSE,STO,120706,,KEI,,2026-04-28,2026-04-28,5050.00,PE,KEI26APR5050PE,0.00,0.00,0.00,472.90,0.00,472.90,4188.00,850.90,0,0,0,0.00,0,F1,175,,,,,
2026-03-20,2026-03-20,FO,NSE,STO,125934,,KEI,,2026-03-30,2026-03-30,4100.00,CE,KEI26MAR4100CE,206.00,206.00,169.95,170.00,170.00,319.80,4188.00,170.00,9100,-1050,6,4502391.25,4,F1,175,,,,,
2026-03-20,2026-03-20,FO,NSE,STO,125940,,KEI,,2026-03-30,2026-03-30,4400.00,CE,KEI26MAR4400CE,55.00,70.00,34.45,37.90,36.30,41.15,4188.00,37.90,64050,-23100,1071,834286932.50,925,F1,175,,,,,
2026-03-20,2026-03-20,FO,NSE,STO,133697,,KEI,,2026-04-28,2026-04-28,5600.00,PE,KEI26APR5600PE,0.00,0.00,0.00,1728.90,0.00,1728.90,4188.00,1381.50,0,0,0,0.00,0,F1,175,,,,,
2026-03-20,2026-03-20,FO,NSE,STO,133406,,KEI,,2026-03-30,2026-03-30,4650.00,CE,KEI26MAR4650CE,11.50,11.70,8.50,8.80,8.80,7.85,4188.00,8.80,93975,0,29,23650935.00,27,F1,175,,,,,
2026-03-20,2026-03-20,FO,NSE,STO,120700,,KEI,,2026-04-28,2026-04-28,4750.00,PE,KEI26APR4750PE,0.00,0.00,0.00,305.60,0.00,305.60,4188.00,583.55,0,0,0,0.00,0,F1,175,,,,,
2026-03-20,2026-03-20,FO,NSE,STO,133673,,KEI,,2026-04-28,2026-04-28,4400.00,PE,KEI26APR4400PE,0.00,0.00,0.00,682.65,0.00,682.65,4188.00,318.55,0,0,0,0.00,0,F1,175,,,,,
2026-03-20,2026-03-20,FO,NSE,STO,120691,,KEI,,2026-04-28,2026-04-28,4350.00,CE,KEI26APR4350CE,0.00,0.00,0.00,155.00,155.00,155.00,4188.00,150.10,175,0,0,0.00,0,F1,175,,,,,
2026-03-20,2026-03-20,FO,NSE,STO,47321,,KEI,,2026-03-30,2026-03-30,5350.00,PE,KEI26MAR5350PE,0.00,0.00,0.00,377.15,377.15,377.15,4188.00,1153.95,350,0,0,0.00,0,F1,175,,,,,
2026-03-20,2026-03-20,FO,NSE,STO,38470,,KEI,,2026-04-28,2026-04-28,5800.00,CE,KEI26APR5800CE,0.00,0.00,0.00,23.45,0.00,23.45,4188.00,1.00,0,0,0,0.00,0,F1,175,,,,,
2026-03-20,2026-03-20,FO,NSE,STO,120748,,KEI,,2026-05-26,2026-05-26,4000.00,CE,KEI26MAY4000CE,0.00,0.00,0.00,945.75,0.00,945.75,4188.00,394.60,0,0,0,0.00,0,F1,175,,,,,
2026-03-20,2026-03-20,FO,NSE,STO,125955,,KEI,,2026-03-30,2026-03-30,5100.00,PE,KEI26MAR5100PE,847.20,847.20,847.20,847.20,847.20,845.55,4188.00,904.40,13825,0,3,3122280.00,1,F1,175,,,,,
2026-03-20,2026-03-20,FO,NSE,STO,133413,,KEI,,2026-03-30,2026-03-30,4850.00,PE,KEI26MAR4850PE,0.00,0.00,0.00,717.85,717.85,717.85,4188.00,655.75,25900,0,0,0.00,0,F1,175,,,,,
2026-03-20,2026-03-20,FO,NSE,STO,125947,,KEI,,2026-03-30,2026-03-30,4700.00,PE,KEI26MAR4700PE,0.00,0.00,0.00,332.20,333.75,332.20,4188.00,508.85,26425,0,0,0.00,0,F1,175,,,,,
2026-03-20,2026-03-20,FO,NSE,STO,125943,,KEI,,2026-03-30,2026-03-30,4500.00,PE,KEI26MAR4500PE,240.00,288.90,235.00,285.00,285.00,320.00,4188.00,323.45,35000,-9975,143,118773838.75,60,F1,175,,,,,
2026-03-20,2026-03-20,FO,NSE,STO,133288,,KEI,,2026-03-30,2026-03-30,3850.00,PE,KEI26MAR3850PE,0.00,0.00,0.00,54.50,54.50,54.50,4188.00,10.15,175,0,0,0.00,0,F1,175,,,,,
2026-03-20,2026-03-20,FO,NSE,STO,125964,,KEI,,2026-03-30,2026-03-30,5600.00,CE,KEI26MAR5600CE,1.10,1.45,0.95,1.00,1.00,0.50,4188.00,0.05,19250,-875,19,18623675.00,11,F1,175,,,,,
2026-03-20,2026-03-20,FO,NSE,STO,51414,,KEI,,2026-04-28,2026-04-28,3650.00,CE,KEI26APR3650CE,0.00,0.00,0.00,1185.60,0.00,1185.60,4188.00,589.45,0,0,0,0.00,0,F1,175,,,,,
2026-03-20,2026-03-20,FO,NSE,STO,120689,,KEI,,2026-04-28,2026-04-28,4250.00,CE,KEI26APR4250CE,0.00,0.00,0.00,696.40,0.00,696.40,4188.00,190.90,0,0,0,0.00,0,F1,175,,,,,
2026-03-20,2026-03-20,FO,NSE,STO,133676,,KEI,,2026-04-28,2026-04-28,4600.00,CE,KEI26APR4600CE,81.00,81.00,81.00,81.00,81.00,90.60,4188.00,77.00,1750,0,1,819175.00,1,F1,175,,,,,
2026-03-20,2026-03-20,FO,NSE,STO,133384,,KEI,,2026-03-30,2026-03-30,4150.00,PE,KEI26MAR4150PE,95.45,95.45,70.00,83.25,86.95,98.50,4188.00,83.25,4900,-1925,50,37041681.25,50,F1,175,,,,,
2026-03-20,2026-03-20,FO,NSE,STO,133671,,KEI,,2026-04-28,2026-04-28,4300.00,PE,KEI26APR4300PE,0.00,0.00,0.00,300.95,300.95,300.95,4188.00,256.40,175,0,0,0.00,0,F1,175,,,,,
2026-03-20,2026-03-20,FO,NSE,STO,120692,,KEI,,2026-04-28,2026-04-28,4350.00,PE,KEI26APR4350PE,310.00,315.95,301.40,315.65,315.65,145.60,4188.00,286.60,2450,2450,14,11410953.75,11,F1,175,,,,,
2026-03-20,2026-03-20,FO,NSE,STO,133685,,KEI,,2026-04-28,2026-04-28,4900.00,PE,KEI26APR4900PE,0.00,0.00,0.00,515.40,515.40,515.40,4188.00,714.00,1225,0,0,0.00,0,F1,175,,,,,
2026-03-20,2026-03-20,FO,NSE,STO,120712,,KEI,,2026-04-28,2026-04-28,5350.00,PE,KEI26APR5350PE,0.00,0.00,0.00,676.30,0.00,676.30,4188.00,1136.85,0,0,0,0.00,0,F1,175,,,,,
2026-03-20,2026-03-20,FO,NSE,STO,120716,,KEI,,2026-04-28,2026-04-28,5550.00,PE,KEI26APR5550PE,0.00,0.00,0.00,829.05,0.00,829.05,4188.00,1332.30,0,0,0,0.00,0,F1,175,,,,,
2026-03-20,2026-03-20,FO,NSE,STO,120788,,KEI,,2026-05-26,2026-05-26,5200.00,PE,KEI26MAY5200PE,0.00,0.00,0.00,621.35,0.00,621.35,4188.00,996.95,0,0,0,0.00,0,F1,175,,,,,
