TradDt,BizDt,Sgmt,Src,FinInstrmTp,FinInstrmId,ISIN,TckrSymb,SctySrs,XpryDt,FininstrmActlXpryDt,StrkPric,OptnTp,FinInstrmNm,OpnPric,HghPric,LwPric,ClsPric,LastPric,PrvsClsgPric,UndrlygPric,SttlmPric,OpnIntrst,ChngInOpnIntrst,TtlTradgVol,TtlTrfVal,TtlNbOfTxsExctd,SsnId,NewBrdLotQty,Rmks,Rsvd1,Rsvd2,Rsvd3,Rsvd4
2026-04-01,2026-04-01,FO,NSE,STO,108539,,EXIDEIND,,2026-04-28,2026-04-28,375.00,PE,EXIDEIND26APR375PE,0.00,0.00,0.00,80.65,80.65,80.65,299.85,73.65,3600,0,0,0.00,0,F1,1800,,,,,
2026-04-01,2026-04-01,FO,NSE,STO,108535,,EXIDEIND,,2026-04-28,2026-04-28,365.00,PE,EXIDEIND26APR365PE,0.00,0.00,0.00,52.20,52.20,52.20,299.85,63.70,12600,0,0,0.00,0,F1,1800,,,,,
2026-04-01,2026-04-01,FO,NSE,STO,108529,,EXIDEIND,,2026-04-28,2026-04-28,355.00,PE,EXIDEIND26APR355PE,0.00,0.00,0.00,46.00,46.00,46.00,299.85,53.85,7200,0,0,0.00,0,F1,1800,,,,,
2026-04-01,2026-04-01,FO,NSE,STO,100698,,EXIDEIND,,2026-04-28,2026-04-28,287.50,PE,EXIDEIND26APR287.5PE,7.85,8.40,7.10,7.40,7.30,13.40,299.85,7.40,57600,23400,31,16484580.00,26,F1,1800,,,,,
2026-04-01,2026-04-01,FO,NSE,STO,108345,,EXIDEIND,,2026-04-28,2026-04-28,275.00,PE,EXIDEIND26APR275PE,5.55,5.55,3.70,4.20,4.20,8.15,299.85,4.20,122400,-3600,40,20119140.00,26,F1,1800,,,,,
2026-04-01,2026-04-01,FO,NSE,STO,108339,,EXIDEIND,,2026-04-28,2026-04-28,265.00,PE,EXIDEIND26APR265PE,2.90,3.25,2.45,2.45,2.45,5.85,299.85,0.45,19800,5400,19,9163080.00,19,F1,1800,,,,,
2026-04-01,2026-04-01,FO,NSE,STO,108468,,EXIDEIND,,2026-04-28,2026-04-28,340.00,CE,EXIDEIND26APR340CE,2.15,2.80,1.75,2.05,2.00,1.60,299.85,2.05,545400,259200,293,180410400.00,206,F1,1800,,,,,
2026-04-01,2026-04-01,FO,NSE,STO,108540,,EXIDEIND,,2026-04-28,2026-04-28,380.00,CE,EXIDEIND26APR380CE,0.35,0.40,0.35,0.40,0.40,0.20,299.85,0.05,48600,-12600,7,4792860.00,6,F1,1800,,,,,
2026-04-01,2026-04-01,FO,NSE,STO,101028,,EXIDEIND,,2026-05-26,2026-05-26,230.00,CE,EXIDEIND26MAY230CE,0.00,0.00,0.00,109.85,0.00,109.85,299.85,71.80,0,0,0,0.00,0,F1,1800,,,,,
2026-04-01,2026-04-01,FO,NSE,STO,101032,,EXIDEIND,,2026-05-26,2026-05-26,245.00,CE,EXIDEIND26MAY245CE,0.00,0.00,0.00,95.30,0.00,95.30,299.85,57.20,0,0,0,0.00,0,F1,1800,,,,,
2026-04-01,2026-04-01,FO,NSE,STO,109669,,EXIDEIND,,2026-05-26,2026-05-26,267.50,CE,EXIDEIND26MAY267.5CE,0.00,0.00,0.00,29.15,0.00,29.15,299.85,36.70,0,0,0,0.00,0,F1,1800,,,,,
2026-04-01,2026-04-01,FO,NSE,STO,101139,,EXIDEIND,,2026-05-26,2026-05-26,320.00,PE,EXIDEIND26MAY320PE,0.00,0.00,0.00,11.75,0.00,11.75,299.85,24.15,0,0,0,0.00,0,F1,1800,,,,,
2026-04-01,2026-04-01,FO,NSE,STO,101135,,EXIDEIND,,2026-05-26,2026-05-26,310.00,PE,EXIDEIND26MAY310PE,0.00,0.00,0.00,8.45,0.00,8.45,299.85,17.55,0,0,0,0.00,0,F1,1800,,,,,
2026-04-01,2026-04-01,FO,NSE,STO,101133,,EXIDEIND,,2026-05-26,2026-05-26,305.00,PE,EXIDEIND26MAY305PE,0.00,0.00,0.00,7.10,0.00,7.10,299.85,14.70,0,0,0,0.00,0,F1,1800,,,,,
2026-04-01,2026-04-01,FO,NSE,STO,108515,,EXIDEIND,,2026-04-28,2026-04-28,345.00,PE,EXIDEIND26APR345PE,0.00,0.00,0.00,47.15,47.15,47.15,299.85,44.15,3600,0,0,0.00,0,F1,1800,,,,,
2026-04-01,2026-04-01,FO,NSE,STO,108467,,EXIDEIND,,2026-04-28,2026-04-28,335.00,PE,EXIDEIND26APR335PE,0.00,0.00,0.00,36.50,36.50,36.50,299.85,34.75,9000,0,0,0.00,0,F1,1800,,,,,
2026-04-01,2026-04-01,FO,NSE,STO,109874,,EXIDEIND,,2026-06-30,2026-06-30,320.00,CE,EXIDEIND26JUN320CE,0.00,0.00,0.00,9.75,0.00,9.75,299.85,10.60,0,0,0,0.00,0,F1,1800,,,,,
2026-04-01,2026-04-01,FO,NSE,STO,101232,,EXIDEIND,,2026-05-26,2026-05-26,390.00,CE,EXIDEIND26MAY390CE,0.00,0.00,0.00,6.50,0.00,6.50,299.85,0.15,0,0,0,0.00,0,F1,1800,,,,,
2026-04-01,2026-04-01,FO,NSE,STO,101052,,EXIDEIND,,2026-05-26,2026-05-26,285.00,CE,EXIDEIND26MAY285CE,0.00,0.00,0.00,58.75,0.00,58.75,299.85,23.25,0,0,0,0.00,0,F1,1800,,,,,
2026-04-01,2026-04-01,FO,NSE,STO,109781,,EXIDEIND,,2026-06-30,2026-06-30,250.00,PE,EXIDEIND26JUN250PE,0.00,0.00,0.00,4.15,0.00,4.15,299.85,1.50,0,0,0,0.00,0,F1,1800,,,,,
2026-04-01,2026-04-01,FO,NSE,STO,101149,,EXIDEIND,,2026-05-26,2026-05-26,345.00,PE,EXIDEIND26MAY345PE,0.00,0.00,0.00,23.15,0.00,23.15,299.85,44.35,0,0,0,0.00,0,F1,1800,,,,,
2026-04-01,2026-04-01,FO,NSE,STO,101141,,EXIDEIND,,2026-05-26,2026-05-26,325.00,PE,EXIDEIND26MAY325PE,0.00,0.00,0.00,13.65,0.00,13.65,299.85,27.80,0,0,0,0.00,0,F1,1800,,,,,
2026-04-01,2026-04-01,FO,NSE,STO,100691,,EXIDEIND,,2026-04-28,2026-04-28,272.50,CE,EXIDEIND26APR272.5CE,0.00,0.00,0.00,67.35,0.00,67.35,299.85,29.50,0,0,0,0.00,0,F1,1800,,,,,
2026-04-01,2026-04-01,FO,NSE,STO,108350,,EXIDEIND,,2026-04-28,2026-04-28,285.00,CE,EXIDEIND26APR285CE,0.00,0.00,0.00,47.70,0.00,47.70,299.85,19.20,0,0,0,0.00,0,F1,1800,,,,,
2026-04-01,2026-04-01,FO,NSE,STO,100697,,EXIDEIND,,2026-04-28,2026-04-28,287.50,CE,EXIDEIND26APR287.5CE,22.15,22.60,19.85,20.95,20.90,16.40,299.85,20.95,18000,16200,15,8344260.00,14,F1,1800,,,,,
2026-04-01,2026-04-01,FO,NSE,STO,108354,,EXIDEIND,,2026-04-28,2026-04-28,290.00,CE,EXIDEIND26APR290CE,17.00,21.40,17.00,19.00,19.30,14.40,299.85,19.00,298800,100800,133,74096820.00,103,F1,1800,,,,,
2026-04-01,2026-04-01,FO,NSE,STO,109712,,EXIDEIND,,2026-05-26,2026-05-26,317.50,PE,EXIDEIND26MAY317.5PE,0.00,0.00,0.00,32.25,0.00,32.25,299.85,22.40,0,0,0,0.00,0,F1,1800,,,,,
2026-04-01,2026-04-01,FO,NSE,STO,108537,,EXIDEIND,,2026-04-28,2026-04-28,370.00,PE,EXIDEIND26APR370PE,69.00,69.00,69.00,69.00,69.00,72.00,299.85,68.70,9000,1800,1,790200.00,1,F1,1800,,,,,
2026-04-01,2026-04-01,FO,NSE,STO,100800,,EXIDEIND,,2026-04-28,2026-04-28,357.50,PE,EXIDEIND26APR357.5PE,0.00,0.00,0.00,28.25,0.00,28.25,299.85,56.30,0,0,0,0.00,0,F1,1800,,,,,
2026-04-01,2026-04-01,FO,NSE,STO,108361,,EXIDEIND,,2026-04-28,2026-04-28,305.00,PE,EXIDEIND26APR305PE,17.00,17.00,13.35,14.60,14.60,22.20,299.85,14.60,212400,109800,99,56935620.00,98,F1,1800,,,,,
2026-04-01,2026-04-01,FO,NSE,STO,109795,,EXIDEIND,,2026-06-30,2026-06-30,275.00,CE,EXIDEIND26JUN275CE,0.00,0.00,0.00,29.00,0.00,29.00,299.85,34.30,0,0,0,0.00,0,F1,1800,,,,,
2026-04-01,2026-04-01,FO,NSE,STO,109667,,EXIDEIND,,2026-05-26,2026-05-26,262.50,CE,EXIDEIND26MAY262.5CE,0.00,0.00,0.00,32.80,0.00,32.80,299.85,41.00,0,0,0,0.00,0,F1,1800,,,,,
2026-04-01,2026-04-01,FO,NSE,STO,108570,,EXIDEIND,,2026-04-28,2026-04-28,395.00,CE,EXIDEIND26APR395CE,0.00,0.00,0.00,0.05,0.05,0.05,299.85,0.05,21600,0,0,0.00,0,F1,1800,,,,,
2026-04-01,2026-04-01,FO,NSE,STO,100726,,EXIDEIND,,2026-04-28,2026-04-28,327.50,CE,EXIDEIND26APR327.5CE,0.00,0.00,0.00,7.60,7.60,7.60,299.85,1.75,1800,0,0,0.00,0,F1,1800,,,,,
2026-04-01,2026-04-01,FO,NSE,STO,100717,,EXIDEIND,,2026-04-28,2026-04-28,312.50,CE,EXIDEIND26APR312.5CE,8.80,9.50,7.40,7.90,7.90,10.75,299.85,7.90,9000,5400,10,5772150.00,10,F1,1800,,,,,
2026-04-01,2026-04-01,FO,NSE,STO,108358,,EXIDEIND,,2026-04-28,2026-04-28,300.00,CE,EXIDEIND26APR300CE,10.25,15.45,10.25,13.20,13.40,10.10,299.85,13.20,2057400,334800,685,386720730.00,508,F1,1800,,,,,
2026-04-01,2026-04-01,FO,NSE,STO,100711,,EXIDEIND,,2026-04-28,2026-04-28,297.50,CE,EXIDEIND26APR297.5CE,15.50,15.50,15.50,15.50,15.50,45.30,299.85,11.15,1800,1800,1,563400.00,1,F1,1800,,,,,
2026-04-01,2026-04-01,FO,NSE,STO,101049,,EXIDEIND,,2026-05-26,2026-05-26,280.00,PE,EXIDEIND26MAY280PE,0.00,0.00,0.00,2.45,0.00,2.45,299.85,4.65,0,0,0,0.00,0,F1,1800,,,,,
2026-04-01,2026-04-01,FO,NSE,STO,109820,,EXIDEIND,,2026-06-30,2026-06-30,305.00,PE,EXIDEIND26JUN305PE,0.00,0.00,0.00,26.10,0.00,26.10,299.85,17.50,0,0,0,0.00,0,F1,1800,,,,,
2026-04-01,2026-04-01,FO,NSE,STO,109790,,EXIDEIND,,2026-06-30,2026-06-30,270.00,PE,EXIDEIND26JUN270PE,0.00,0.00,0.00,9.40,0.00,9.40,299.85,4.55,0,0,0,0.00,0,F1,1800,,,,,
2026-04-01,2026-04-01,FO,NSE,STO,109796,,EXIDEIND,,2026-06-30,2026-06-30,275.00,PE,EXIDEIND26JUN275PE,0.00,0.00,0.00,11.20,0.00,11.20,299.85,5.70,0,0,0,0.00,0,F1,1800,,,,,
2026-04-01,2026-04-01,FO,NSE,STO,101161,,EXIDEIND,,2026-05-26,2026-05-26,370.00,PE,EXIDEIND26MAY370PE,0.00,0.00,0.00,38.90,0.00,38.90,299.85,67.60,0,0,0,0.00,0,F1,1800,,,,,
2026-04-01,2026-04-01,FO,NSE,STO,101082,,EXIDEIND,,2026-05-26,2026-05-26,295.00,CE,EXIDEIND26MAY295CE,0.00,0.00,0.00,50.60,0.00,50.60,299.85,17.05,0,0,0,0.00,0,F1,1800,,,,,
2026-04-01,2026-04-01,FO,NSE,STO,101142,,EXIDEIND,,2026-05-26,2026-05-26,330.00,CE,EXIDEIND26MAY330CE,0.00,0.00,0.00,27.15,0.00,27.15,299.85,4.25,0,0,0,0.00,0,F1,1800,,,,,
2026-04-01,2026-04-01,FO,NSE,STO,108569,,EXIDEIND,,2026-04-28,2026-04-28,390.00,PE,EXIDEIND26APR390PE,87.00,90.05,87.00,90.05,90.05,95.00,299.85,88.55,336600,50400,30,25795530.00,24,F1,1800,,,,,
2026-04-01,2026-04-01,FO,NSE,STO,109668,,EXIDEIND,,2026-05-26,2026-05-26,262.50,PE,EXIDEIND26MAY262.5PE,0.00,0.00,0.00,4.50,0.00,4.50,299.85,1.50,0,0,0,0.00,0,F1,1800,,,,,
2026-04-01,2026-04-01,FO,NSE,STO,109670,,EXIDEIND,,2026-05-26,2026-05-26,267.50,PE,EXIDEIND26MAY267.5PE,0.00,0.00,0.00,5.80,0.00,5.80,299.85,2.15,0,0,0,0.00,0,F1,1800,,,,,
2026-04-01,2026-04-01,FO,NSE,STO,101192,,EXIDEIND,,2026-05-26,2026-05-26,380.00,PE,EXIDEIND26MAY380PE,0.00,0.00,0.00,46.30,0.00,46.30,299.85,77.30,0,0,0,0.00,0,F1,1800,,,,,
2026-04-01,2026-04-01,FO,NSE,STO,101237,,EXIDEIND,,2026-05-26,2026-05-26,400.00,PE,EXIDEIND26MAY400PE,95.00,95.00,95.00,95.00,95.00,62.35,299.85,96.90,1800,1800,1,891000.00,1,F1,1800,,,,,
2026-04-01,2026-04-01,FO,NSE,STO,108567,,EXIDEIND,,2026-04-28,2026-04-28,385.00,PE,EXIDEIND26APR385PE,0.00,0.00,0.00,60.65,0.00,60.65,299.85,83.60,0,0,0,0.00,0,F1,1800,,,,,
2026-04-01,2026-04-01,FO,NSE,STO,101144,,EXIDEIND,,2026-05-26,2026-05-26,335.00,CE,EXIDEIND26MAY335CE,0.00,0.00,0.00,24.50,0.00,24.50,299.85,3.35,0,0,0,0.00,0,F1,1800,,,,,
2026-04-01,2026-04-01,FO,NSE,STO,101150,,EXIDEIND,,2026-05-26,2026-05-26,350.00,CE,EXIDEIND26MAY350CE,0.00,0.00,0.00,17.70,0.00,17.70,299.85,1.55,0,0,0,0.00,0,F1,1800,,,,,
2026-04-01,2026-04-01,FO,NSE,STO,100713,,EXIDEIND,,2026-04-28,2026-04-28,302.50,CE,EXIDEIND26APR302.5CE,12.75,13.15,11.35,11.75,11.75,8.70,299.85,11.75,46800,36000,39,22100670.00,36,F1,1800,,,,,
2026-04-01,2026-04-01,FO,NSE,STO,108530,,EXIDEIND,,2026-04-28,2026-04-28,360.00,CE,EXIDEIND26APR360CE,0.75,1.00,0.60,0.60,0.60,0.65,299.85,0.10,90000,10800,17,11039940.00,15,F1,1800,,,,,
2026-04-01,2026-04-01,FO,NSE,STO,100801,,EXIDEIND,,2026-04-28,2026-04-28,362.50,CE,EXIDEIND26APR362.5CE,0.00,0.00,0.00,0.85,0.85,0.85,299.85,0.05,1800,0,0,0.00,0,F1,1800,,,,,
2026-04-01,2026-04-01,FO,NSE,STO,109804,,EXIDEIND,,2026-06-30,2026-06-30,295.00,PE,EXIDEIND26JUN295PE,0.00,0.00,0.00,20.35,0.00,20.35,299.85,12.65,0,0,0,0.00,0,F1,1800,,,,,
2026-04-01,2026-04-01,FO,NSE,STO,101143,,EXIDEIND,,2026-05-26,2026-05-26,330.00,PE,EXIDEIND26MAY330PE,0.00,0.00,0.00,15.75,0.00,15.75,299.85,31.70,0,0,0,0.00,0,F1,1800,,,,,
2026-04-01,2026-04-01,FO,NSE,STO,109708,,EXIDEIND,,2026-05-26,2026-05-26,307.50,PE,EXIDEIND26MAY307.5PE,0.00,0.00,0.00,25.05,0.00,25.05,299.85,16.10,0,0,0,0.00,0,F1,1800,,,,,
2026-04-01,2026-04-01,FO,NSE,STO,101045,,EXIDEIND,,2026-05-26,2026-05-26,270.00,PE,EXIDEIND26MAY270PE,0.00,0.00,0.00,1.50,0.00,1.50,299.85,2.50,0,0,0,0.00,0,F1,1800,,,,,
2026-04-01,2026-04-01,FO,NSE,STO,109666,,EXIDEIND,,2026-05-26,2026-05-26,257.50,PE,EXIDEIND26MAY257.5PE,0.00,0.00,0.00,3.45,0.00,3.45,299.85,1.00,0,0,0,0.00,0,F1,1800,,,,,
2026-04-01,2026-04-01,FO,NSE,STO,100794,,EXIDEIND,,2026-04-28,2026-04-28,347.50,PE,EXIDEIND26APR347.5PE,0.00,0.00,0.00,22.00,0.00,22.00,299.85,46.55,0,0,0,0.00,0,F1,1800,,,,,
2026-04-01,2026-04-01,FO,NSE,STO,108369,,EXIDEIND,,2026-04-28,2026-04-28,325.00,PE,EXIDEIND26APR325PE,29.00,29.30,25.95,25.95,25.95,38.25,299.85,25.90,34200,-1800,6,3813660.00,6,F1,1800,,,,,
2026-04-01,2026-04-01,FO,NSE,STO,100710,,EXIDEIND,,2026-04-28,2026-04-28,292.50,PE,EXIDEIND26APR292.5PE,9.60,9.60,8.15,9.15,9.00,14.00,299.85,9.15,37800,0,8,4343850.00,8,F1,1800,,,,,
2026-04-01,2026-04-01,FO,NSE,STO,108355,,EXIDEIND,,2026-04-28,2026-04-28,290.00,PE,EXIDEIND26APR290PE,10.90,10.90,7.30,8.20,8.15,14.70,299.85,8.20,570600,140400,237,127386360.00,203,F1,1800,,,,,
2026-04-01,2026-04-01,FO,NSE,STO,100694,,EXIDEIND,,2026-04-28,2026-04-28,277.50,PE,EXIDEIND26APR277.5PE,0.00,0.00,0.00,6.90,6.90,6.90,299.85,1.70,10800,0,0,0.00,0,F1,1800,,,,,
2026-04-01,2026-04-01,FO,NSE,STO,109819,,EXIDEIND,,2026-06-30,2026-06-30,305.00,CE,EXIDEIND26JUN305CE,0.00,0.00,0.00,14.50,0.00,14.50,299.85,16.45,0,0,0,0.00,0,F1,1800,,,,,
2026-04-01,2026-04-01,FO,NSE,STO,101044,,EXIDEIND,,2026-05-26,2026-05-26,270.00,CE,EXIDEIND26MAY270CE,0.00,0.00,0.00,71.90,0.00,71.90,299.85,34.60,0,0,0,0.00,0,F1,1800,,,,,
2026-04-01,2026-04-01,FO,NSE,STO,109673,,EXIDEIND,,2026-05-26,2026-05-26,277.50,CE,EXIDEIND26MAY277.5CE,0.00,0.00,0.00,22.55,0.00,22.55,299.85,28.65,0,0,0,0.00,0,F1,1800,,,,,
2026-04-01,2026-04-01,FO,NSE,STO,109689,,EXIDEIND,,2026-05-26,2026-05-26,297.50,CE,EXIDEIND26MAY297.5CE,0.00,0.00,0.00,12.40,0.00,12.40,299.85,15.70,0,0,0,0.00,0,F1,1800,,,,,
2026-04-01,2026-04-01,FO,NSE,STO,100793,,EXIDEIND,,2026-04-28,2026-04-28,347.50,CE,EXIDEIND26APR347.5CE,0.00,0.00,0.00,14.40,0.00,14.40,299.85,0.30,0,0,0,0.00,0,F1,1800,,,,,
2026-04-01,2026-04-01,FO,NSE,STO,100734,,EXIDEIND,,2026-04-28,2026-04-28,332.50,CE,EXIDEIND26APR332.5CE,0.00,0.00,0.00,6.00,6.00,6.00,299.85,1.15,7200,0,0,0.00,0,F1,1800,,,,,
2026-04-01,2026-04-01,FO,NSE,STO,100721,,EXIDEIND,,2026-04-28,2026-04-28,322.50,CE,EXIDEIND26APR322.5CE,0.00,0.00,0.00,7.00,7.00,7.00,299.85,2.50,36000,0,0,0.00,0,F1,1800,,,,,
2026-04-01,2026-04-01,FO,NSE,STO,108364,,EXIDEIND,,2026-04-28,2026-04-28,315.00,CE,EXIDEIND26APR315CE,7.40,8.50,6.55,6.85,6.80,5.20,299.85,6.85,109800,45000,53,30766500.00,48,F1,1800,,,,,
2026-04-01,2026-04-01,FO,NSE,STO,100700,,EXIDEIND,,2026-04-28,2026-04-28,292.50,CE,EXIDEIND26APR292.5CE,0.00,0.00,0.00,49.45,0.00,49.45,299.85,14.05,0,0,0,0.00,0,F1,1800,,,,,
2026-04-01,2026-04-01,FO,NSE,STO,100695,,EXIDEIND,,2026-04-28,2026-04-28,282.50,CE,EXIDEIND26APR282.5CE,24.20,25.20,23.45,23.90,23.90,29.00,299.85,21.10,19800,18000,12,6619770.00,12,F1,1800,,,,,
2026-04-01,2026-04-01,FO,NSE,STO,108326,,EXIDEIND,,2026-04-28,2026-04-28,245.00,CE,EXIDEIND26APR245CE,0.00,0.00,0.00,82.65,0.00,82.65,299.85,55.85,0,0,0,0.00,0,F1,1800,,,,,
2026-04-01,2026-04-01,FO,NSE,STO,109904,,EXIDEIND,,2026-06-30,2026-06-30,330.00,PE,EXIDEIND26JUN330PE,0.00,0.00,0.00,43.55,0.00,43.55,299.85,33.40,0,0,0,0.00,0,F1,1800,,,,,
2026-04-01,2026-04-01,FO,NSE,STO,109873,,EXIDEIND,,2026-06-30,2026-06-30,315.00,PE,EXIDEIND26JUN315PE,0.00,0.00,0.00,32.60,0.00,32.60,299.85,23.25,0,0,0,0.00,0,F1,1800,,,,,
2026-04-01,2026-04-01,FO,NSE,STO,109800,,EXIDEIND,,2026-06-30,2026-06-30,285.00,PE,EXIDEIND26JUN285PE,0.00,0.00,0.00,15.35,0.00,15.35,299.85,8.75,0,0,0,0.00,0,F1,1800,,,,,
2026-04-01,2026-04-01,FO,NSE,STO,109698,,EXIDEIND,,2026-05-26,2026-05-26,302.50,PE,EXIDEIND26MAY302.5PE,0.00,0.00,0.00,21.75,0.00,21.75,299.85,13.35,0,0,0,0.00,0,F1,1800,,,,,
2026-04-01,2026-04-01,FO,NSE,STO,109686,,EXIDEIND,,2026-05-26,2026-05-26,287.50,PE,EXIDEIND26MAY287.5PE,0.00,0.00,0.00,13.40,0.00,13.40,299.85,6.90,0,0,0,0.00,0,F1,1800,,,,,
2026-04-01,2026-04-01,FO,NSE,STO,101041,,EXIDEIND,,2026-05-26,2026-05-26,265.00,PE,EXIDEIND26MAY265PE,0.00,0.00,0.00,1.10,0.00,1.10,299.85,1.80,0,0,0,0.00,0,F1,1800,,,,,
2026-04-01,2026-04-01,FO,NSE,STO,108324,,EXIDEIND,,2026-04-28,2026-04-28,240.00,CE,EXIDEIND26APR240CE,0.00,0.00,0.00,87.40,0.00,87.40,299.85,60.85,0,0,0,0.00,0,F1,1800,,,,,
2026-04-01,2026-04-01,FO,NSE,STO,100778,,EXIDEIND,,2026-04-28,2026-04-28,342.50,CE,EXIDEIND26APR342.5CE,0.00,0.00,0.00,2.10,2.10,2.10,299.85,0.50,39600,0,0,0.00,0,F1,1800,,,,,
2026-04-01,2026-04-01,FO,NSE,STO,101040,,EXIDEIND,,2026-05-26,2026-05-26,265.00,CE,EXIDEIND26MAY265CE,0.00,0.00,0.00,76.45,0.00,76.45,299.85,38.80,0,0,0,0.00,0,F1,1800,,,,,
2026-04-01,2026-04-01,FO,NSE,STO,109687,,EXIDEIND,,2026-05-26,2026-05-26,292.50,CE,EXIDEIND26MAY292.5CE,0.00,0.00,0.00,14.55,0.00,14.55,299.85,18.50,0,0,0,0.00,0,F1,1800,,,,,
2026-04-01,2026-04-01,FO,NSE,STO,101134,,EXIDEIND,,2026-05-26,2026-05-26,310.00,CE,EXIDEIND26MAY310CE,0.00,0.00,0.00,39.50,0.00,39.50,299.85,9.95,0,0,0,0.00,0,F1,1800,,,,,
2026-04-01,2026-04-01,FO,NSE,STO,109709,,EXIDEIND,,2026-05-26,2026-05-26,312.50,CE,EXIDEIND26MAY312.5CE,0.00,0.00,0.00,7.40,0.00,7.40,299.85,9.05,0,0,0,0.00,0,F1,1800,,,,,
2026-04-01,2026-04-01,FO,NSE,STO,101136,,EXIDEIND,,2026-05-26,2026-05-26,315.00,CE,EXIDEIND26MAY315CE,0.00,0.00,0.00,36.15,0.00,36.15,299.85,8.20,0,0,0,0.00,0,F1,1800,,,,,
2026-04-01,2026-04-01,FO,NSE,STO,101156,,EXIDEIND,,2026-05-26,2026-05-26,365.00,CE,EXIDEIND26MAY365CE,0.00,0.00,0.00,12.40,0.00,12.40,299.85,0.65,0,0,0,0.00,0,F1,1800,,,,,
2026-04-01,2026-04-01,FO,NSE,STO,100718,,EXIDEIND,,2026-04-28,2026-04-28,312.50,PE,EXIDEIND26APR312.5PE,0.00,0.00,0.00,18.50,18.50,18.50,299.85,16.25,3600,0,0,0.00,0,F1,1800,,,,,
2026-04-01,2026-04-01,FO,NSE,STO,100686,,EXIDEIND,,2026-04-28,2026-04-28,257.50,PE,EXIDEIND26APR257.5PE,0.00,0.00,0.00,0.25,0.00,0.25,299.85,0.20,0,0,0,0.00,0,F1,1800,,,,,
2026-04-01,2026-04-01,FO,NSE,STO,109710,,EXIDEIND,,2026-05-26,2026-05-26,312.50,PE,EXIDEIND26MAY312.5PE,0.00,0.00,0.00,28.55,0.00,28.55,299.85,19.10,0,0,0,0.00,0,F1,1800,,,,,
2026-04-01,2026-04-01,FO,NSE,STO,101236,,EXIDEIND,,2026-05-26,2026-05-26,400.00,CE,EXIDEIND26MAY400CE,0.00,0.00,0.00,4.90,0.00,4.90,299.85,0.05,0,0,0,0.00,0,F1,1800,,,,,
2026-04-01,2026-04-01,FO,NSE,STO,109807,,EXIDEIND,,2026-06-30,2026-06-30,300.00,CE,EXIDEIND26JUN300CE,0.00,0.00,0.00,16.40,0.00,16.40,299.85,18.85,0,0,0,0.00,0,F1,1800,,,,,
2026-04-01,2026-04-01,FO,NSE,STO,109871,,EXIDEIND,,2026-06-30,2026-06-30,310.00,PE,EXIDEIND26JUN310PE,0.00,0.00,0.00,29.30,0.00,29.30,299.85,20.30,0,0,0,0.00,0,F1,1800,,,,,
2026-04-01,2026-04-01,FO,NSE,STO,108527,,EXIDEIND,,2026-04-28,2026-04-28,350.00,PE,EXIDEIND26APR350PE,51.00,51.00,47.20,49.45,49.35,59.50,299.85,49.45,273600,3600,14,10043460.00,14,F1,1800,,,,,
2026-04-01,2026-04-01,FO,NSE,STO,108357,,EXIDEIND,,2026-04-28,2026-04-28,295.00,PE,EXIDEIND26APR295PE,11.50,11.50,9.00,10.05,9.85,17.30,299.85,10.05,388800,104400,201,110462580.00,191,F1,1800,,,,,
2026-04-01,2026-04-01,FO,NSE,STO,100690,,EXIDEIND,,2026-04-28,2026-04-28,267.50,PE,EXIDEIND26APR267.5PE,0.00,0.00,0.00,0.55,0.00,0.55,299.85,0.60,0,0,0,0.00,0,F1,1800,,,,,
2026-04-01,2026-04-01,FO,NSE,STO,108333,,EXIDEIND,,2026-04-28,2026-04-28,260.00,PE,EXIDEIND26APR260PE,3.45,3.45,1.90,2.20,2.20,4.65,299.85,2.20,99000,16200,91,43005240.00,79,F1,1800,,,,,
2026-04-01,2026-04-01,FO,NSE,STO,109801,,EXIDEIND,,2026-06-30,2026-06-30,290.00,CE,EXIDEIND26JUN290CE,0.00,0.00,0.00,20.85,0.00,20.85,299.85,24.35,0,0,0,0.00,0,F1,1800,,,,,
2026-04-01,2026-04-01,FO,NSE,STO,109799,,EXIDEIND,,2026-06-30,2026-06-30,285.00,CE,EXIDEIND26JUN285CE,0.00,0.00,0.00,23.35,0.00,23.35,299.85,27.45,0,0,0,0.00,0,F1,1800,,,,,
2026-04-01,2026-04-01,FO,NSE,STO,101160,,EXIDEIND,,2026-05-26,2026-05-26,370.00,CE,EXIDEIND26MAY370CE,0.00,0.00,0.00,10.95,0.00,10.95,299.85,0.50,0,0,0,0.00,0,F1,1800,,,,,
2026-04-01,2026-04-01,FO,NSE,STO,100715,,EXIDEIND,,2026-04-28,2026-04-28,307.50,CE,EXIDEIND26APR307.5CE,10.55,10.85,9.25,9.70,9.80,7.40,299.85,9.70,57600,5400,17,9714420.00,17,F1,1800,,,,,
2026-04-01,2026-04-01,FO,NSE,STO,101123,,EXIDEIND,,2026-05-26,2026-05-26,300.00,CE,EXIDEIND26MAY300CE,0.00,0.00,0.00,46.75,0.00,46.75,299.85,14.40,0,0,0,0.00,0,F1,1800,,,,,
2026-04-01,2026-04-01,FO,NSE,STO,108344,,EXIDEIND,,2026-04-28,2026-04-28,275.00,CE,EXIDEIND26APR275CE,0.00,0.00,0.00,55.75,0.00,55.75,299.85,27.30,0,0,0,0.00,0,F1,1800,,,,,
2026-04-01,2026-04-01,FO,NSE,STO,109803,,EXIDEIND,,2026-06-30,2026-06-30,295.00,CE,EXIDEIND26JUN295CE,0.00,0.00,0.00,18.55,0.00,18.55,299.85,21.50,0,0,0,0.00,0,F1,1800,,,,,
2026-04-01,2026-04-01,FO,NSE,STO,109798,,EXIDEIND,,2026-06-30,2026-06-30,280.00,PE,EXIDEIND26JUN280PE,0.00,0.00,0.00,13.15,0.00,13.15,299.85,7.15,0,0,0,0.00,0,F1,1800,,,,,
2026-04-01,2026-04-01,FO,NSE,STO,100696,,EXIDEIND,,2026-04-28,2026-04-28,282.50,PE,EXIDEIND26APR282.5PE,6.65,6.80,5.95,5.95,5.95,11.35,299.85,5.95,39600,28800,16,8324010.00,16,F1,1800,,,,,
2026-04-01,2026-04-01,FO,NSE,STO,109875,,EXIDEIND,,2026-06-30,2026-06-30,320.00,PE,EXIDEIND26JUN320PE,0.00,0.00,0.00,36.10,0.00,36.10,299.85,26.45,0,0,0,0.00,0,F1,1800,,,,,
2026-04-01,2026-04-01,FO,NSE,STO,109872,,EXIDEIND,,2026-06-30,2026-06-30,315.00,CE,EXIDEIND26JUN315CE,0.00,0.00,0.00,11.15,0.00,11.15,299.85,12.35,0,0,0,0.00,0,F1,1800,,,,,
2026-04-01,2026-04-01,FO,NSE,STO,101159,,EXIDEIND,,2026-05-26,2026-05-26,365.00,PE,EXIDEIND26MAY365PE,0.00,0.00,0.00,35.45,0.00,35.45,299.85,62.80,0,0,0,0.00,0,F1,1800,,,,,
2026-04-01,2026-04-01,FO,NSE,STO,101145,,EXIDEIND,,2026-05-26,2026-05-26,335.00,PE,EXIDEIND26MAY335PE,0.00,0.00,0.00,18.05,0.00,18.05,299.85,35.75,0,0,0,0.00,0,F1,1800,,,,,
2026-04-01,2026-04-01,FO,NSE,STO,101083,,EXIDEIND,,2026-05-26,2026-05-26,295.00,PE,EXIDEIND26MAY295PE,0.00,0.00,0.00,4.80,0.00,4.80,299.85,9.80,0,0,0,0.00,0,F1,1800,,,,,
2026-04-01,2026-04-01,FO,NSE,STO,109688,,EXIDEIND,,2026-05-26,2026-05-26,292.50,PE,EXIDEIND26MAY292.5PE,0.00,0.00,0.00,15.95,0.00,15.95,299.85,8.75,0,0,0,0.00,0,F1,1800,,,,,
2026-04-01,2026-04-01,FO,NSE,STO,101061,,EXIDEIND,,2026-05-26,2026-05-26,290.00,PE,EXIDEIND26MAY290PE,0.00,0.00,0.00,3.90,0.00,3.90,299.85,7.80,0,0,0,0.00,0,F1,1800,,,,,
2026-04-01,2026-04-01,FO,NSE,STO,109684,,EXIDEIND,,2026-05-26,2026-05-26,282.50,PE,EXIDEIND26MAY282.5PE,0.00,0.00,0.00,11.10,0.00,11.10,299.85,5.30,0,0,0,0.00,0,F1,1800,,,,,
2026-04-01,2026-04-01,FO,NSE,STO,100796,,EXIDEIND,,2026-04-28,2026-04-28,352.50,PE,EXIDEIND26APR352.5PE,0.00,0.00,0.00,25.00,0.00,25.00,299.85,51.40,0,0,0,0.00,0,F1,1800,,,,,
2026-04-01,2026-04-01,FO,NSE,STO,100792,,EXIDEIND,,2026-04-28,2026-04-28,342.50,PE,EXIDEIND26APR342.5PE,0.00,0.00,0.00,19.15,0.00,19.15,299.85,41.75,0,0,0,0.00,0,F1,1800,,,,,
2026-04-01,2026-04-01,FO,NSE,STO,108365,,EXIDEIND,,2026-04-28,2026-04-28,315.00,PE,EXIDEIND26APR315PE,22.15,22.40,19.05,21.05,21.05,29.15,299.85,18.00,91800,19800,42,25379820.00,42,F1,1800,,,,,
2026-04-01,2026-04-01,FO,NSE,STO,100712,,EXIDEIND,,2026-04-28,2026-04-28,297.50,PE,EXIDEIND26APR297.5PE,13.00,13.00,9.95,11.00,11.05,18.50,299.85,11.00,68400,43200,53,29474640.00,51,F1,1800,,,,,
2026-04-01,2026-04-01,FO,NSE,STO,109870,,EXIDEIND,,2026-06-30,2026-06-30,310.00,CE,EXIDEIND26JUN310CE,0.00,0.00,0.00,12.75,0.00,12.75,299.85,14.30,0,0,0,0.00,0,F1,1800,,,,,
2026-04-01,2026-04-01,FO,NSE,STO,101148,,EXIDEIND,,2026-05-26,2026-05-26,345.00,CE,EXIDEIND26MAY345CE,0.00,0.00,0.00,19.75,0.00,19.75,299.85,2.05,0,0,0,0.00,0,F1,1800,,,,,
2026-04-01,2026-04-01,FO,NSE,STO,101146,,EXIDEIND,,2026-05-26,2026-05-26,340.00,CE,EXIDEIND26MAY340CE,0.00,0.00,0.00,22.05,0.00,22.05,299.85,2.60,0,0,0,0.00,0,F1,1800,,,,,
2026-04-01,2026-04-01,FO,NSE,STO,101138,,EXIDEIND,,2026-05-26,2026-05-26,320.00,CE,EXIDEIND26MAY320CE,0.00,0.00,0.00,32.95,0.00,32.95,299.85,6.65,0,0,0,0.00,0,F1,1800,,,,,
2026-04-01,2026-04-01,FO,NSE,STO,109699,,EXIDEIND,,2026-05-26,2026-05-26,307.50,CE,EXIDEIND26MAY307.5CE,0.00,0.00,0.00,8.85,0.00,8.85,299.85,10.95,0,0,0,0.00,0,F1,1800,,,,,
2026-04-01,2026-04-01,FO,NSE,STO,109685,,EXIDEIND,,2026-05-26,2026-05-26,287.50,CE,EXIDEIND26MAY287.5CE,0.00,0.00,0.00,16.95,0.00,16.95,299.85,21.60,0,0,0,0.00,0,F1,1800,,,,,
2026-04-01,2026-04-01,FO,NSE,STO,101038,,EXIDEIND,,2026-05-26,2026-05-26,260.00,CE,EXIDEIND26MAY260CE,0.00,0.00,0.00,81.05,0.00,81.05,299.85,43.25,0,0,0,0.00,0,F1,1800,,,,,
2026-04-01,2026-04-01,FO,NSE,STO,108509,,EXIDEIND,,2026-04-28,2026-04-28,345.00,CE,EXIDEIND26APR345CE,1.75,2.15,1.35,1.40,1.40,1.50,299.85,0.40,27000,16200,24,14971860.00,21,F1,1800,,,,,
2026-04-01,2026-04-01,FO,NSE,STO,108370,,EXIDEIND,,2026-04-28,2026-04-28,330.00,CE,EXIDEIND26APR330CE,3.45,4.45,3.00,3.15,3.15,2.60,299.85,3.15,225000,46800,95,57031380.00,83,F1,1800,,,,,
2026-04-01,2026-04-01,FO,NSE,STO,108356,,EXIDEIND,,2026-04-28,2026-04-28,295.00,CE,EXIDEIND26APR295CE,15.55,18.25,15.20,16.00,16.00,11.60,299.85,16.00,221400,82800,93,52146810.00,92,F1,1800,,,,,
2026-04-01,2026-04-01,FO,NSE,STO,108332,,EXIDEIND,,2026-04-28,2026-04-28,260.00,CE,EXIDEIND26APR260CE,0.00,0.00,0.00,42.95,42.95,42.95,299.85,41.15,5400,0,0,0.00,0,F1,1800,,,,,
2026-04-01,2026-04-01,FO,NSE,STO,108330,,EXIDEIND,,2026-04-28,2026-04-28,255.00,CE,EXIDEIND26APR255CE,0.00,0.00,0.00,73.30,0.00,73.30,299.85,46.00,0,0,0,0.00,0,F1,1800,,,,,
2026-04-01,2026-04-01,FO,NSE,STO,108322,,EXIDEIND,,2026-04-28,2026-04-28,235.00,CE,EXIDEIND26APR235CE,0.00,0.00,0.00,92.15,0.00,92.15,299.85,65.80,0,0,0,0.00,0,F1,1800,,,,,
2026-04-01,2026-04-01,FO,NSE,STF,62568,,EXIDEIND,,2026-06-30,2026-06-30,,,EXIDEIND26JUNFUT,301.00,306.65,301.00,303.00,303.00,293.15,299.85,303.95,7200,7200,5,2737170.00,5,F1,1800,,,,,
2026-04-01,2026-04-01,FO,NSE,STO,108331,,EXIDEIND,,2026-04-28,2026-04-28,255.00,PE,EXIDEIND26APR255PE,0.00,0.00,0.00,1.15,0.00,1.15,299.85,0.15,0,0,0,0.00,0,F1,1800,,,,,
2026-04-01,2026-04-01,FO,NSE,STO,100714,,EXIDEIND,,2026-04-28,2026-04-28,302.50,PE,EXIDEIND26APR302.5PE,0.00,0.00,0.00,20.70,20.70,20.70,299.85,10.05,1800,0,0,0.00,0,F1,1800,,,,,
2026-04-01,2026-04-01,FO,NSE,STO,108363,,EXIDEIND,,2026-04-28,2026-04-28,310.00,PE,EXIDEIND26APR310PE,16.75,19.20,15.95,17.60,17.50,26.65,299.85,17.60,709200,189000,166,97810110.00,163,F1,1800,,,,,
2026-04-01,2026-04-01,FO,NSE,STO,100720,,EXIDEIND,,2026-04-28,2026-04-28,317.50,PE,EXIDEIND26APR317.5PE,0.00,0.00,0.00,8.35,0.00,8.35,299.85,19.85,0,0,0,0.00,0,F1,1800,,,,,
2026-04-01,2026-04-01,FO,NSE,STO,108348,,EXIDEIND,,2026-04-28,2026-04-28,280.00,CE,EXIDEIND26APR280CE,25.00,28.70,25.00,27.75,27.75,20.10,299.85,23.10,66600,32400,37,20400030.00,37,F1,1800,,,,,
2026-04-01,2026-04-01,FO,NSE,STO,100795,,EXIDEIND,,2026-04-28,2026-04-28,352.50,CE,EXIDEIND26APR352.5CE,0.00,0.00,0.00,1.00,1.00,1.00,299.85,0.20,127800,0,0,0.00,0,F1,1800,,,,,
2026-04-01,2026-04-01,FO,NSE,STO,108528,,EXIDEIND,,2026-04-28,2026-04-28,355.00,CE,EXIDEIND26APR355CE,0.00,0.00,0.00,10.95,0.00,10.95,299.85,0.15,0,0,0,0.00,0,F1,1800,,,,,
2026-04-01,2026-04-01,FO,NSE,STO,100894,,EXIDEIND,,2026-04-28,2026-04-28,367.50,CE,EXIDEIND26APR367.5CE,0.00,0.00,0.00,1.50,1.50,1.50,299.85,0.05,1800,0,0,0.00,0,F1,1800,,,,,
2026-04-01,2026-04-01,FO,NSE,STO,108566,,EXIDEIND,,2026-04-28,2026-04-28,385.00,CE,EXIDEIND26APR385CE,0.00,0.00,0.00,4.80,0.00,4.80,299.85,0.05,0,0,0,0.00,0,F1,1800,,,,,
2026-04-01,2026-04-01,FO,NSE,STO,101036,,EXIDEIND,,2026-05-26,2026-05-26,255.00,CE,EXIDEIND26MAY255CE,0.00,0.00,0.00,85.75,0.00,85.75,299.85,47.80,0,0,0,0.00,0,F1,1800,,,,,
2026-04-01,2026-04-01,FO,NSE,STO,109691,,EXIDEIND,,2026-05-26,2026-05-26,302.50,CE,EXIDEIND26MAY302.5CE,0.00,0.00,0.00,10.50,0.00,10.50,299.85,13.20,0,0,0,0.00,0,F1,1800,,,,,
2026-04-01,2026-04-01,FO,NSE,STO,109787,,EXIDEIND,,2026-06-30,2026-06-30,265.00,CE,EXIDEIND26JUN265CE,0.00,0.00,0.00,35.45,0.00,35.45,299.85,41.95,0,0,0,0.00,0,F1,1800,,,,,
2026-04-01,2026-04-01,FO,NSE,STO,101029,,EXIDEIND,,2026-05-26,2026-05-26,230.00,PE,EXIDEIND26MAY230PE,0.00,0.00,0.00,0.10,0.00,0.10,299.85,0.05,0,0,0,0.00,0,F1,1800,,,,,
2026-04-01,2026-04-01,FO,NSE,STO,101033,,EXIDEIND,,2026-05-26,2026-05-26,245.00,PE,EXIDEIND26MAY245PE,0.00,0.00,0.00,0.30,0.00,0.30,299.85,0.35,0,0,0,0.00,0,F1,1800,,,,,
2026-04-01,2026-04-01,FO,NSE,STO,109690,,EXIDEIND,,2026-05-26,2026-05-26,297.50,PE,EXIDEIND26MAY297.5PE,0.00,0.00,0.00,18.75,0.00,18.75,299.85,10.90,0,0,0,0.00,0,F1,1800,,,,,
2026-04-01,2026-04-01,FO,NSE,STO,101137,,EXIDEIND,,2026-05-26,2026-05-26,315.00,PE,EXIDEIND26MAY315PE,0.00,0.00,0.00,10.00,0.00,10.00,299.85,20.75,0,0,0,0.00,0,F1,1800,,,,,
2026-04-01,2026-04-01,FO,NSE,STO,108325,,EXIDEIND,,2026-04-28,2026-04-28,240.00,PE,EXIDEIND26APR240PE,0.00,0.00,0.00,0.45,0.00,0.45,299.85,0.05,0,0,0,0.00,0,F1,1800,,,,,
2026-04-01,2026-04-01,FO,NSE,STO,108327,,EXIDEIND,,2026-04-28,2026-04-28,245.00,PE,EXIDEIND26APR245PE,0.00,0.00,0.00,0.65,0.00,0.65,299.85,0.05,0,0,0,0.00,0,F1,1800,,,,,
2026-04-01,2026-04-01,FO,NSE,STO,100735,,EXIDEIND,,2026-04-28,2026-04-28,332.50,PE,EXIDEIND26APR332.5PE,0.00,0.00,0.00,14.15,0.00,14.15,299.85,32.45,0,0,0,0.00,0,F1,1800,,,,,
2026-04-01,2026-04-01,FO,NSE,STO,109789,,EXIDEIND,,2026-06-30,2026-06-30,270.00,CE,EXIDEIND26JUN270CE,0.00,0.00,0.00,32.15,0.00,32.15,299.85,38.00,0,0,0,0.00,0,F1,1800,,,,,
2026-04-01,2026-04-01,FO,NSE,STO,109780,,EXIDEIND,,2026-06-30,2026-06-30,250.00,CE,EXIDEIND26JUN250CE,0.00,0.00,0.00,46.55,0.00,46.55,299.85,54.70,0,0,0,0.00,0,F1,1800,,,,,
2026-04-01,2026-04-01,FO,NSE,STO,101125,,EXIDEIND,,2026-05-26,2026-05-26,305.00,CE,EXIDEIND26MAY305CE,0.00,0.00,0.00,43.05,0.00,43.05,299.85,12.05,0,0,0,0.00,0,F1,1800,,,,,
2026-04-01,2026-04-01,FO,NSE,STO,100689,,EXIDEIND,,2026-04-28,2026-04-28,267.50,CE,EXIDEIND26APR267.5CE,0.00,0.00,0.00,72.10,0.00,72.10,299.85,34.05,0,0,0,0.00,0,F1,1800,,,,,
2026-04-01,2026-04-01,FO,NSE,STO,108508,,EXIDEIND,,2026-04-28,2026-04-28,340.00,PE,EXIDEIND26APR340PE,44.00,44.00,38.30,39.50,39.50,51.00,299.85,39.40,120600,-5400,8,5485860.00,8,F1,1800,,,,,
2026-04-01,2026-04-01,FO,NSE,STO,101147,,EXIDEIND,,2026-05-26,2026-05-26,340.00,PE,EXIDEIND26MAY340PE,0.00,0.00,0.00,35.45,35.45,35.45,299.85,39.95,1800,0,0,0.00,0,F1,1800,,,,,
2026-04-01,2026-04-01,FO,NSE,STO,109674,,EXIDEIND,,2026-05-26,2026-05-26,277.50,PE,EXIDEIND26MAY277.5PE,0.00,0.00,0.00,9.10,0.00,9.10,299.85,4.00,0,0,0,0.00,0,F1,1800,,,,,
2026-04-01,2026-04-01,FO,NSE,STO,101035,,EXIDEIND,,2026-05-26,2026-05-26,250.00,PE,EXIDEIND26MAY250PE,0.00,0.00,0.00,0.45,0.00,0.45,299.85,0.55,0,0,0,0.00,0,F1,1800,,,,,
2026-04-01,2026-04-01,FO,NSE,STO,100892,,EXIDEIND,,2026-04-28,2026-04-28,362.50,PE,EXIDEIND26APR362.5PE,0.00,0.00,0.00,31.65,0.00,31.65,299.85,61.25,0,0,0,0.00,0,F1,1800,,,,,
2026-04-01,2026-04-01,FO,NSE,STO,100777,,EXIDEIND,,2026-04-28,2026-04-28,337.50,PE,EXIDEIND26APR337.5PE,0.00,0.00,0.00,16.55,0.00,16.55,299.85,37.05,0,0,0,0.00,0,F1,1800,,,,,
2026-04-01,2026-04-01,FO,NSE,STO,109671,,EXIDEIND,,2026-05-26,2026-05-26,272.50,CE,EXIDEIND26MAY272.5CE,0.00,0.00,0.00,25.70,0.00,25.70,299.85,32.55,0,0,0,0.00,0,F1,1800,,,,,
2026-04-01,2026-04-01,FO,NSE,STO,101058,,EXIDEIND,,2026-05-26,2026-05-26,290.00,CE,EXIDEIND26MAY290CE,0.00,0.00,0.00,54.60,0.00,54.60,299.85,20.00,0,0,0,0.00,0,F1,1800,,,,,
2026-04-01,2026-04-01,FO,NSE,STO,101154,,EXIDEIND,,2026-05-26,2026-05-26,360.00,CE,EXIDEIND26MAY360CE,0.00,0.00,0.00,14.00,0.00,14.00,299.85,0.90,0,0,0,0.00,0,F1,1800,,,,,
2026-04-01,2026-04-01,FO,NSE,STO,100719,,EXIDEIND,,2026-04-28,2026-04-28,317.50,CE,EXIDEIND26APR317.5CE,0.00,0.00,0.00,30.40,0.00,30.40,299.85,3.50,0,0,0,0.00,0,F1,1800,,,,,
2026-04-01,2026-04-01,FO,NSE,STO,108362,,EXIDEIND,,2026-04-28,2026-04-28,310.00,CE,EXIDEIND26APR310CE,6.80,10.60,6.75,8.80,8.80,6.50,299.85,8.80,1180800,72000,596,342515520.00,550,F1,1800,,,,,
2026-04-01,2026-04-01,FO,NSE,STO,108360,,EXIDEIND,,2026-04-28,2026-04-28,305.00,CE,EXIDEIND26APR305CE,9.70,12.80,9.65,10.90,11.00,7.90,299.85,10.90,277200,136800,196,111663000.00,180,F1,1800,,,,,
2026-04-01,2026-04-01,FO,NSE,STO,108336,,EXIDEIND,,2026-04-28,2026-04-28,265.00,CE,EXIDEIND26APR265CE,0.00,0.00,0.00,64.30,0.00,64.30,299.85,36.40,0,0,0,0.00,0,F1,1800,,,,,
2026-04-01,2026-04-01,FO,NSE,STO,109797,,EXIDEIND,,2026-06-30,2026-06-30,280.00,CE,EXIDEIND26JUN280CE,0.00,0.00,0.00,26.10,0.00,26.10,299.85,30.75,0,0,0,0.00,0,F1,1800,,,,,
2026-04-01,2026-04-01,FO,NSE,STO,109901,,EXIDEIND,,2026-06-30,2026-06-30,330.00,CE,EXIDEIND26JUN330CE,0.00,0.00,0.00,7.35,0.00,7.35,299.85,7.70,0,0,0,0.00,0,F1,1800,,,,,
2026-04-01,2026-04-01,FO,NSE,STO,108323,,EXIDEIND,,2026-04-28,2026-04-28,235.00,PE,EXIDEIND26APR235PE,0.95,0.95,0.60,0.70,0.70,1.65,299.85,0.70,104400,66600,51,21644190.00,48,F1,1800,,,,,
2026-04-01,2026-04-01,FO,NSE,STO,108359,,EXIDEIND,,2026-04-28,2026-04-28,300.00,PE,EXIDEIND26APR300PE,15.65,16.00,10.90,12.30,12.00,20.30,299.85,12.30,1441800,370800,1013,570478770.00,639,F1,1800,,,,,
2026-04-01,2026-04-01,FO,NSE,STO,100716,,EXIDEIND,,2026-04-28,2026-04-28,307.50,PE,EXIDEIND26APR307.5PE,0.00,0.00,0.00,5.50,0.00,5.50,299.85,12.95,0,0,0,0.00,0,F1,1800,,,,,
2026-04-01,2026-04-01,FO,NSE,STO,108445,,EXIDEIND,,2026-04-28,2026-04-28,330.00,PE,EXIDEIND26APR330PE,0.00,0.00,0.00,39.50,39.50,39.50,299.85,30.25,55800,0,0,0.00,0,F1,1800,,,,,
2026-04-01,2026-04-01,FO,NSE,STO,100898,,EXIDEIND,,2026-04-28,2026-04-28,367.50,PE,EXIDEIND26APR367.5PE,0.00,0.00,0.00,35.25,0.00,35.25,299.85,66.20,0,0,0,0.00,0,F1,1800,,,,,
2026-04-01,2026-04-01,FO,NSE,STO,109672,,EXIDEIND,,2026-05-26,2026-05-26,272.50,PE,EXIDEIND26MAY272.5PE,0.00,0.00,0.00,7.30,0.00,7.30,299.85,2.95,0,0,0,0.00,0,F1,1800,,,,,
2026-04-01,2026-04-01,FO,NSE,STO,101053,,EXIDEIND,,2026-05-26,2026-05-26,285.00,PE,EXIDEIND26MAY285PE,0.00,0.00,0.00,3.10,0.00,3.10,299.85,6.05,0,0,0,0.00,0,F1,1800,,,,,
2026-04-01,2026-04-01,FO,NSE,STO,109788,,EXIDEIND,,2026-06-30,2026-06-30,265.00,PE,EXIDEIND26JUN265PE,0.00,0.00,0.00,7.80,0.00,7.80,299.85,3.50,0,0,0,0.00,0,F1,1800,,,,,
2026-04-01,2026-04-01,FO,NSE,STO,109802,,EXIDEIND,,2026-06-30,2026-06-30,290.00,PE,EXIDEIND26JUN290PE,0.00,0.00,0.00,17.75,0.00,17.75,299.85,10.60,0,0,0,0.00,0,F1,1800,,,,,
2026-04-01,2026-04-01,FO,NSE,STO,109808,,EXIDEIND,,2026-06-30,2026-06-30,300.00,PE,EXIDEIND26JUN300PE,0.00,0.00,0.00,23.15,0.00,23.15,299.85,15.00,0,0,0,0.00,0,F1,1800,,,,,
2026-04-01,2026-04-01,FO,NSE,STO,108446,,EXIDEIND,,2026-04-28,2026-04-28,335.00,CE,EXIDEIND26APR335CE,2.90,3.50,2.35,2.50,2.50,2.10,299.85,2.50,66600,28800,30,18237240.00,29,F1,1800,,,,,
2026-04-01,2026-04-01,FO,NSE,STO,100772,,EXIDEIND,,2026-04-28,2026-04-28,337.50,CE,EXIDEIND26APR337.5CE,2.50,2.50,2.10,2.10,2.10,2.65,299.85,0.75,23400,3600,5,3057840.00,5,F1,1800,,,,,
2026-04-01,2026-04-01,FO,NSE,STO,108568,,EXIDEIND,,2026-04-28,2026-04-28,390.00,CE,EXIDEIND26APR390CE,0.20,0.20,0.15,0.15,0.15,0.10,299.85,0.05,79200,-19800,15,10534500.00,12,F1,1800,,,,,
2026-04-01,2026-04-01,FO,NSE,STO,101034,,EXIDEIND,,2026-05-26,2026-05-26,250.00,CE,EXIDEIND26MAY250CE,0.00,0.00,0.00,90.50,0.00,90.50,299.85,52.45,0,0,0,0.00,0,F1,1800,,,,,
2026-04-01,2026-04-01,FO,NSE,STO,108516,,EXIDEIND,,2026-04-28,2026-04-28,350.00,CE,EXIDEIND26APR350CE,1.15,1.70,1.00,1.15,1.15,0.95,299.85,1.15,633600,106200,169,106848630.00,128,F1,1800,,,,,
2026-04-01,2026-04-01,FO,NSE,STF,66825,,EXIDEIND,,2026-04-28,2026-04-28,,,EXIDEIND26APRFUT,294.00,303.60,294.00,300.85,301.35,289.35,299.85,300.85,27606600,-138600,1588,859804200.00,1408,F1,1800,,,,,
2026-04-01,2026-04-01,FO,NSE,STO,108536,,EXIDEIND,,2026-04-28,2026-04-28,370.00,CE,EXIDEIND26APR370CE,0.00,0.00,0.00,0.40,0.40,0.40,299.85,0.05,1800,0,0,0.00,0,F1,1800,,,,,
2026-04-01,2026-04-01,FO,NSE,STO,108538,,EXIDEIND,,2026-04-28,2026-04-28,375.00,CE,EXIDEIND26APR375CE,0.00,0.00,0.00,6.40,0.00,6.40,299.85,0.05,0,0,0,0.00,0,F1,1800,,,,,
2026-04-01,2026-04-01,FO,NSE,STO,109665,,EXIDEIND,,2026-05-26,2026-05-26,257.50,CE,EXIDEIND26MAY257.5CE,0.00,0.00,0.00,36.70,0.00,36.70,299.85,45.50,0,0,0,0.00,0,F1,1800,,,,,
2026-04-01,2026-04-01,FO,NSE,STO,101046,,EXIDEIND,,2026-05-26,2026-05-26,275.00,CE,EXIDEIND26MAY275CE,0.00,0.00,0.00,67.40,0.00,67.40,299.85,30.60,0,0,0,0.00,0,F1,1800,,,,,
2026-04-01,2026-04-01,FO,NSE,STO,109683,,EXIDEIND,,2026-05-26,2026-05-26,282.50,CE,EXIDEIND26MAY282.5CE,0.00,0.00,0.00,19.65,0.00,19.65,299.85,25.00,0,0,0,0.00,0,F1,1800,,,,,
2026-04-01,2026-04-01,FO,NSE,STO,109711,,EXIDEIND,,2026-05-26,2026-05-26,317.50,CE,EXIDEIND26MAY317.5CE,0.00,0.00,0.00,6.15,0.00,6.15,299.85,7.40,0,0,0,0.00,0,F1,1800,,,,,
2026-04-01,2026-04-01,FO,NSE,STO,101152,,EXIDEIND,,2026-05-26,2026-05-26,355.00,CE,EXIDEIND26MAY355CE,0.00,0.00,0.00,15.75,0.00,15.75,299.85,1.20,0,0,0,0.00,0,F1,1800,,,,,
2026-04-01,2026-04-01,FO,NSE,STO,109784,,EXIDEIND,,2026-06-30,2026-06-30,260.00,CE,EXIDEIND26JUN260CE,0.00,0.00,0.00,39.00,0.00,39.00,299.85,46.05,0,0,0,0.00,0,F1,1800,,,,,
2026-04-01,2026-04-01,FO,NSE,STO,100692,,EXIDEIND,,2026-04-28,2026-04-28,272.50,PE,EXIDEIND26APR272.5PE,0.00,0.00,0.00,5.00,5.00,5.00,299.85,1.05,54000,0,0,0.00,0,F1,1800,,,,,
2026-04-01,2026-04-01,FO,NSE,STO,108351,,EXIDEIND,,2026-04-28,2026-04-28,285.00,PE,EXIDEIND26APR285PE,9.00,9.00,6.20,6.65,6.65,11.75,299.85,6.65,75600,1800,59,31032990.00,53,F1,1800,,,,,
2026-04-01,2026-04-01,FO,NSE,STO,108367,,EXIDEIND,,2026-04-28,2026-04-28,320.00,PE,EXIDEIND26APR320PE,24.00,25.95,22.45,24.10,24.20,33.70,299.85,24.10,241200,1800,22,13632210.00,21,F1,1800,,,,,
2026-04-01,2026-04-01,FO,NSE,STO,100723,,EXIDEIND,,2026-04-28,2026-04-28,322.50,PE,EXIDEIND26APR322.5PE,0.00,0.00,0.00,10.05,0.00,10.05,299.85,23.85,0,0,0,0.00,0,F1,1800,,,,,
2026-04-01,2026-04-01,FO,NSE,STO,100727,,EXIDEIND,,2026-04-28,2026-04-28,327.50,PE,EXIDEIND26APR327.5PE,0.00,0.00,0.00,19.00,19.00,19.00,299.85,28.05,1800,0,0,0.00,0,F1,1800,,,,,
2026-04-01,2026-04-01,FO,NSE,STO,108531,,EXIDEIND,,2026-04-28,2026-04-28,360.00,PE,EXIDEIND26APR360PE,58.00,58.00,58.00,58.00,58.00,66.50,299.85,58.80,126000,3600,2,1504800.00,1,F1,1800,,,,,
2026-04-01,2026-04-01,FO,NSE,STO,108541,,EXIDEIND,,2026-04-28,2026-04-28,380.00,PE,EXIDEIND26APR380PE,0.00,0.00,0.00,88.35,88.00,88.35,299.85,78.60,95400,0,0,0.00,0,F1,1800,,,,,
2026-04-01,2026-04-01,FO,NSE,STO,101031,,EXIDEIND,,2026-05-26,2026-05-26,240.00,PE,EXIDEIND26MAY240PE,0.00,0.00,0.00,0.25,0.00,0.25,299.85,0.20,0,0,0,0.00,0,F1,1800,,,,,
2026-04-01,2026-04-01,FO,NSE,STO,101155,,EXIDEIND,,2026-05-26,2026-05-26,360.00,PE,EXIDEIND26MAY360PE,0.00,0.00,0.00,32.10,0.00,32.10,299.85,58.10,0,0,0,0.00,0,F1,1800,,,,,
2026-04-01,2026-04-01,FO,NSE,STF,66159,,EXIDEIND,,2026-05-26,2026-05-26,,,EXIDEIND26MAYFUT,294.85,304.80,294.85,302.40,303.00,291.10,299.85,302.40,1062000,-18000,98,53336970.00,97,F1,1800,,,,,
2026-04-01,2026-04-01,FO,NSE,STO,100688,,EXIDEIND,,2026-04-28,2026-04-28,262.50,PE,EXIDEIND26APR262.5PE,0.00,0.00,0.00,0.40,0.00,0.40,299.85,0.35,0,0,0,0.00,0,F1,1800,,,,,
2026-04-01,2026-04-01,FO,NSE,STO,108341,,EXIDEIND,,2026-04-28,2026-04-28,270.00,PE,EXIDEIND26APR270PE,4.80,4.80,3.05,3.40,3.40,7.05,299.85,3.40,144000,28800,92,45315900.00,83,F1,1800,,,,,
2026-04-01,2026-04-01,FO,NSE,STO,108349,,EXIDEIND,,2026-04-28,2026-04-28,280.00,PE,EXIDEIND26APR280PE,7.35,7.70,4.65,5.45,5.30,10.35,299.85,5.45,261000,28800,91,46834740.00,75,F1,1800,,,,,
2026-04-01,2026-04-01,FO,NSE,STO,101037,,EXIDEIND,,2026-05-26,2026-05-26,255.00,PE,EXIDEIND26MAY255PE,0.00,0.00,0.00,0.60,0.00,0.60,299.85,0.80,0,0,0,0.00,0,F1,1800,,,,,
2026-04-01,2026-04-01,FO,NSE,STO,101039,,EXIDEIND,,2026-05-26,2026-05-26,260.00,PE,EXIDEIND26MAY260PE,0.00,0.00,0.00,0.85,0.00,0.85,299.85,1.25,0,0,0,0.00,0,F1,1800,,,,,
2026-04-01,2026-04-01,FO,NSE,STO,101047,,EXIDEIND,,2026-05-26,2026-05-26,275.00,PE,EXIDEIND26MAY275PE,0.00,0.00,0.00,1.95,0.00,1.95,299.85,3.45,0,0,0,0.00,0,F1,1800,,,,,
2026-04-01,2026-04-01,FO,NSE,STO,101048,,EXIDEIND,,2026-05-26,2026-05-26,280.00,CE,EXIDEIND26MAY280CE,0.00,0.00,0.00,63.05,0.00,63.05,299.85,26.80,0,0,0,0.00,0,F1,1800,,,,,
2026-04-01,2026-04-01,FO,NSE,STO,100797,,EXIDEIND,,2026-04-28,2026-04-28,357.50,CE,EXIDEIND26APR357.5CE,0.00,0.00,0.00,10.80,0.00,10.80,299.85,0.10,0,0,0,0.00,0,F1,1800,,,,,
2026-04-01,2026-04-01,FO,NSE,STO,108368,,EXIDEIND,,2026-04-28,2026-04-28,325.00,CE,EXIDEIND26APR325CE,4.85,4.85,4.10,4.20,4.20,3.30,299.85,4.20,55800,12600,21,12452760.00,13,F1,1800,,,,,
2026-04-01,2026-04-01,FO,NSE,STO,100693,,EXIDEIND,,2026-04-28,2026-04-28,277.50,CE,EXIDEIND26APR277.5CE,0.00,0.00,0.00,62.75,0.00,62.75,299.85,25.15,0,0,0,0.00,0,F1,1800,,,,,
2026-04-01,2026-04-01,FO,NSE,STO,108340,,EXIDEIND,,2026-04-28,2026-04-28,270.00,CE,EXIDEIND26APR270CE,0.00,0.00,0.00,32.20,32.20,32.20,299.85,31.75,3600,0,0,0.00,0,F1,1800,,,,,
2026-04-01,2026-04-01,FO,NSE,STO,100687,,EXIDEIND,,2026-04-28,2026-04-28,262.50,CE,EXIDEIND26APR262.5CE,0.00,0.00,0.00,76.85,0.00,76.85,299.85,38.75,0,0,0,0.00,0,F1,1800,,,,,
2026-04-01,2026-04-01,FO,NSE,STO,100685,,EXIDEIND,,2026-04-28,2026-04-28,257.50,CE,EXIDEIND26APR257.5CE,0.00,0.00,0.00,81.65,0.00,81.65,299.85,43.55,0,0,0,0.00,0,F1,1800,,,,,
2026-04-01,2026-04-01,FO,NSE,STO,108328,,EXIDEIND,,2026-04-28,2026-04-28,250.00,CE,EXIDEIND26APR250CE,0.00,0.00,0.00,46.75,46.75,46.75,299.85,50.90,1800,0,0,0.00,0,F1,1800,,,,,
2026-04-01,2026-04-01,FO,NSE,STO,101153,,EXIDEIND,,2026-05-26,2026-05-26,355.00,PE,EXIDEIND26MAY355PE,0.00,0.00,0.00,28.95,0.00,28.95,299.85,53.40,0,0,0,0.00,0,F1,1800,,,,,
2026-04-01,2026-04-01,FO,NSE,STO,101151,,EXIDEIND,,2026-05-26,2026-05-26,350.00,PE,EXIDEIND26MAY350PE,0.00,0.00,0.00,25.95,0.00,25.95,299.85,48.80,0,0,0,0.00,0,F1,1800,,,,,
2026-04-01,2026-04-01,FO,NSE,STO,101124,,EXIDEIND,,2026-05-26,2026-05-26,300.00,PE,EXIDEIND26MAY300PE,0.00,0.00,0.00,5.85,0.00,5.85,299.85,12.10,0,0,0,0.00,0,F1,1800,,,,,
2026-04-01,2026-04-01,FO,NSE,STO,101140,,EXIDEIND,,2026-05-26,2026-05-26,325.00,CE,EXIDEIND26MAY325CE,0.00,0.00,0.00,29.95,0.00,29.95,299.85,5.35,0,0,0,0.00,0,F1,1800,,,,,
2026-04-01,2026-04-01,FO,NSE,STO,101191,,EXIDEIND,,2026-05-26,2026-05-26,380.00,CE,EXIDEIND26MAY380CE,0.00,0.00,0.00,8.50,0.00,8.50,299.85,0.25,0,0,0,0.00,0,F1,1800,,,,,
2026-04-01,2026-04-01,FO,NSE,STO,108329,,EXIDEIND,,2026-04-28,2026-04-28,250.00,PE,EXIDEIND26APR250PE,2.10,2.20,1.20,1.35,1.30,3.20,299.85,1.35,163800,0,155,70161930.00,124,F1,1800,,,,,
2026-04-01,2026-04-01,FO,NSE,STO,108366,,EXIDEIND,,2026-04-28,2026-04-28,320.00,CE,EXIDEIND26APR320CE,5.65,7.00,5.05,5.40,5.45,4.15,299.85,5.40,925200,-21600,340,199404900.00,265,F1,1800,,,,,
2026-04-01,2026-04-01,FO,NSE,STO,108532,,EXIDEIND,,2026-04-28,2026-04-28,365.00,CE,EXIDEIND26APR365CE,0.00,0.00,0.00,8.40,0.00,8.40,299.85,0.05,0,0,0,0.00,0,F1,1800,,,,,
2026-04-01,2026-04-01,FO,NSE,STO,101030,,EXIDEIND,,2026-05-26,2026-05-26,240.00,CE,EXIDEIND26MAY240CE,0.00,0.00,0.00,100.15,0.00,100.15,299.85,62.05,0,0,0,0.00,0,F1,1800,,,,,
2026-04-01,2026-04-01,FO,NSE,STO,109785,,EXIDEIND,,2026-06-30,2026-06-30,260.00,PE,EXIDEIND26JUN260PE,0.00,0.00,0.00,6.45,0.00,6.45,299.85,2.70,0,0,0,0.00,0,F1,1800,,,,,
2026-04-01,2026-04-01,FO,NSE,STO,101233,,EXIDEIND,,2026-05-26,2026-05-26,390.00,PE,EXIDEIND26MAY390PE,0.00,0.00,0.00,54.10,0.00,54.10,299.85,87.05,0,0,0,0.00,0,F1,1800,,,,,
2026-04-01,2026-04-01,FO,NSE,STO,108571,,EXIDEIND,,2026-04-28,2026-04-28,395.00,PE,EXIDEIND26APR395PE,93.00,93.95,92.20,93.20,93.20,102.00,299.85,93.55,415800,-1800,5,4393530.00,5,F1,1800,,,,,
