TradDt,BizDt,Sgmt,Src,FinInstrmTp,FinInstrmId,ISIN,TckrSymb,SctySrs,XpryDt,FininstrmActlXpryDt,StrkPric,OptnTp,FinInstrmNm,OpnPric,HghPric,LwPric,ClsPric,LastPric,PrvsClsgPric,UndrlygPric,SttlmPric,OpnIntrst,ChngInOpnIntrst,TtlTradgVol,TtlTrfVal,TtlNbOfTxsExctd,SsnId,NewBrdLotQty,Rmks,Rsvd1,Rsvd2,Rsvd3,Rsvd4
2026-05-21,2026-05-21,FO,NSE,STO,132771,,PIDILITIND,,2026-07-28,2026-07-28,1380.00,PE,PIDILITIND26JUL1380PE,0.00,0.00,0.00,55.90,0.00,55.90,1472.80,24.05,0,0,0,0.00,0,F1,500,,,,,
2026-05-21,2026-05-21,FO,NSE,STO,132233,,PIDILITIND,,2026-06-30,2026-06-30,1310.00,PE,PIDILITIND26JUN1310PE,0.00,0.00,0.00,22.10,0.00,22.10,1472.80,4.25,0,0,0,0.00,0,F1,500,,,,,
2026-05-21,2026-05-21,FO,NSE,STO,132229,,PIDILITIND,,2026-06-30,2026-06-30,1270.00,PE,PIDILITIND26JUN1270PE,0.00,0.00,0.00,13.10,0.00,13.10,1472.80,1.85,0,0,0,0.00,0,F1,500,,,,,
2026-05-21,2026-05-21,FO,NSE,STO,161690,,PIDILITIND,,2026-06-30,2026-06-30,1260.00,PE,PIDILITIND26JUN1260PE,0.00,0.00,0.00,4.00,4.00,4.00,1472.80,1.45,1000,0,0,0.00,0,F1,500,,,,,
2026-05-21,2026-05-21,FO,NSE,STO,141939,,PIDILITIND,,2026-05-26,2026-05-26,1660.00,PE,PIDILITIND26MAY1660PE,0.00,0.00,0.00,167.90,0.00,167.90,1472.80,185.90,0,0,0,0.00,0,F1,500,,,,,
2026-05-21,2026-05-21,FO,NSE,STO,141871,,PIDILITIND,,2026-05-26,2026-05-26,1520.00,PE,PIDILITIND26MAY1520PE,0.00,0.00,0.00,62.45,62.45,62.45,1472.80,49.90,35500,0,0,0.00,0,F1,500,,,,,
2026-05-21,2026-05-21,FO,NSE,STO,161616,,PIDILITIND,,2026-05-26,2026-05-26,1510.00,PE,PIDILITIND26MAY1510PE,0.00,0.00,0.00,63.60,64.40,63.60,1472.80,41.70,79500,0,0,0.00,0,F1,500,,,,,
2026-05-21,2026-05-21,FO,NSE,STO,161300,,PIDILITIND,,2026-05-26,2026-05-26,1310.00,PE,PIDILITIND26MAY1310PE,0.00,0.00,0.00,0.75,0.75,0.75,1472.80,0.00,3500,0,0,0.00,0,F1,500,,,,,
2026-05-21,2026-05-21,FO,NSE,STO,161686,,PIDILITIND,,2026-06-30,2026-06-30,1220.00,PE,PIDILITIND26JUN1220PE,0.00,0.00,0.00,27.30,0.00,27.30,1472.80,0.55,0,0,0,0.00,0,F1,500,,,,,
2026-05-21,2026-05-21,FO,NSE,STO,161600,,PIDILITIND,,2026-05-26,2026-05-26,1370.00,PE,PIDILITIND26MAY1370PE,1.05,1.05,0.60,0.65,0.65,1.15,1472.80,0.15,29000,-4000,28,19190450.00,28,F1,500,,,,,
2026-05-21,2026-05-21,FO,NSE,STO,161286,,PIDILITIND,,2026-05-26,2026-05-26,1250.00,PE,PIDILITIND26MAY1250PE,0.00,0.00,0.00,0.30,0.30,0.30,1472.80,0.00,10000,0,0,0.00,0,F1,500,,,,,
2026-05-21,2026-05-21,FO,NSE,STO,132743,,PIDILITIND,,2026-07-28,2026-07-28,1380.00,CE,PIDILITIND26JUL1380CE,0.00,0.00,0.00,88.35,0.00,88.35,1472.80,133.35,0,0,0,0.00,0,F1,500,,,,,
2026-05-21,2026-05-21,FO,NSE,STO,161725,,PIDILITIND,,2026-06-30,2026-06-30,1620.00,CE,PIDILITIND26JUN1620CE,0.00,0.00,0.00,3.05,0.00,3.05,1472.80,11.05,0,0,0,0.00,0,F1,500,,,,,
2026-05-21,2026-05-21,FO,NSE,STO,132244,,PIDILITIND,,2026-06-30,2026-06-30,1430.00,CE,PIDILITIND26JUN1430CE,0.00,0.00,0.00,49.35,0.00,49.35,1472.80,81.20,0,0,0,0.00,0,F1,500,,,,,
2026-05-21,2026-05-21,FO,NSE,STO,161683,,PIDILITIND,,2026-06-30,2026-06-30,1200.00,CE,PIDILITIND26JUN1200CE,0.00,0.00,0.00,128.30,0.00,128.30,1472.80,281.60,0,0,0,0.00,0,F1,500,,,,,
2026-05-21,2026-05-21,FO,NSE,STO,141756,,PIDILITIND,,2026-05-26,2026-05-26,1460.00,CE,PIDILITIND26MAY1460CE,23.00,27.70,20.00,21.75,22.15,18.55,1472.80,21.75,63500,-27000,569,422060275.00,536,F1,500,,,,,
2026-05-21,2026-05-21,FO,NSE,STO,161603,,PIDILITIND,,2026-05-26,2026-05-26,1410.00,CE,PIDILITIND26MAY1410CE,64.55,66.25,58.20,62.95,62.95,50.85,1472.80,65.45,72500,6000,55,40488150.00,48,F1,500,,,,,
2026-05-21,2026-05-21,FO,NSE,STO,141736,,PIDILITIND,,2026-05-26,2026-05-26,1400.00,CE,PIDILITIND26MAY1400CE,70.00,74.00,70.00,73.50,73.00,59.80,1472.80,73.50,61000,-14500,29,21355800.00,20,F1,500,,,,,
2026-05-21,2026-05-21,FO,NSE,STO,141728,,PIDILITIND,,2026-05-26,2026-05-26,1340.00,CE,PIDILITIND26MAY1340CE,0.00,0.00,0.00,118.00,118.00,118.00,1472.80,133.90,53000,0,0,0.00,0,F1,500,,,,,
2026-05-21,2026-05-21,FO,NSE,STO,132791,,PIDILITIND,,2026-07-28,2026-07-28,1580.00,PE,PIDILITIND26JUL1580PE,0.00,0.00,0.00,185.15,0.00,185.15,1472.80,121.85,0,0,0,0.00,0,F1,500,,,,,
2026-05-21,2026-05-21,FO,NSE,STO,132264,,PIDILITIND,,2026-06-30,2026-06-30,1590.00,PE,PIDILITIND26JUN1590PE,0.00,0.00,0.00,191.70,0.00,191.70,1472.80,122.15,0,0,0,0.00,0,F1,500,,,,,
2026-05-21,2026-05-21,FO,NSE,STO,132256,,PIDILITIND,,2026-06-30,2026-06-30,1530.00,PE,PIDILITIND26JUN1530PE,0.00,0.00,0.00,141.60,0.00,141.60,1472.80,78.60,0,0,0,0.00,0,F1,500,,,,,
2026-05-21,2026-05-21,FO,NSE,STO,132252,,PIDILITIND,,2026-06-30,2026-06-30,1490.00,PE,PIDILITIND26JUN1490PE,0.00,0.00,0.00,111.40,0.00,111.40,1472.80,54.85,0,0,0,0.00,0,F1,500,,,,,
2026-05-21,2026-05-21,FO,NSE,STO,161704,,PIDILITIND,,2026-06-30,2026-06-30,1400.00,PE,PIDILITIND26JUN1400PE,16.45,18.50,15.95,16.85,16.70,21.10,1472.80,16.85,34500,5500,34,24087150.00,34,F1,500,,,,,
2026-05-21,2026-05-21,FO,NSE,STO,161711,,PIDILITIND,,2026-06-30,2026-06-30,1480.00,CE,PIDILITIND26JUN1480CE,48.00,48.00,47.10,47.10,47.10,14.20,1472.80,52.90,500,500,3,2291100.00,3,F1,500,,,,,
2026-05-21,2026-05-21,FO,NSE,STO,161719,,PIDILITIND,,2026-06-30,2026-06-30,1560.00,CE,PIDILITIND26JUN1560CE,25.00,25.00,17.35,19.05,19.05,25.00,1472.80,23.10,9000,5500,23,18160000.00,23,F1,500,,,,,
2026-05-21,2026-05-21,FO,NSE,STO,161723,,PIDILITIND,,2026-06-30,2026-06-30,1600.00,CE,PIDILITIND26JUN1600CE,12.50,13.00,10.20,11.00,11.20,10.50,1472.80,11.00,69500,21000,86,69283425.00,67,F1,500,,,,,
2026-05-21,2026-05-21,FO,NSE,STO,161606,,PIDILITIND,,2026-05-26,2026-05-26,1430.00,PE,PIDILITIND26MAY1430PE,5.00,5.00,2.90,3.10,3.10,8.70,1472.80,3.10,57000,-1000,237,169922700.00,227,F1,500,,,,,
2026-05-21,2026-05-21,FO,NSE,STO,161610,,PIDILITIND,,2026-05-26,2026-05-26,1470.00,PE,PIDILITIND26MAY1470PE,17.00,19.30,13.60,15.10,14.35,27.05,1472.80,15.10,46500,9500,264,196189250.00,253,F1,500,,,,,
2026-05-21,2026-05-21,FO,NSE,STO,161620,,PIDILITIND,,2026-05-26,2026-05-26,1530.00,PE,PIDILITIND26MAY1530PE,0.00,0.00,0.00,64.70,65.25,64.70,1472.80,58.55,35500,0,0,0.00,0,F1,500,,,,,
2026-05-21,2026-05-21,FO,NSE,STO,132787,,PIDILITIND,,2026-07-28,2026-07-28,1540.00,PE,PIDILITIND26JUL1540PE,0.00,0.00,0.00,153.75,0.00,153.75,1472.80,95.15,0,0,0,0.00,0,F1,500,,,,,
2026-05-21,2026-05-21,FO,NSE,STO,132797,,PIDILITIND,,2026-07-28,2026-07-28,1640.00,PE,PIDILITIND26JUL1640PE,0.00,0.00,0.00,235.85,0.00,235.85,1472.80,167.35,0,0,0,0.00,0,F1,500,,,,,
2026-05-21,2026-05-21,FO,NSE,STO,141722,,PIDILITIND,,2026-05-26,2026-05-26,1280.00,CE,PIDILITIND26MAY1280CE,0.00,0.00,0.00,225.50,0.00,225.50,1472.80,193.85,0,0,0,0.00,0,F1,500,,,,,
2026-05-21,2026-05-21,FO,NSE,STO,161289,,PIDILITIND,,2026-05-26,2026-05-26,1290.00,CE,PIDILITIND26MAY1290CE,0.00,0.00,0.00,54.30,0.00,54.30,1472.80,183.85,0,0,0,0.00,0,F1,500,,,,,
2026-05-21,2026-05-21,FO,NSE,STO,161301,,PIDILITIND,,2026-05-26,2026-05-26,1330.00,CE,PIDILITIND26MAY1330CE,0.00,0.00,0.00,127.00,127.00,127.00,1472.80,143.90,4000,0,0,0.00,0,F1,500,,,,,
2026-05-21,2026-05-21,FO,NSE,STO,141764,,PIDILITIND,,2026-05-26,2026-05-26,1520.00,CE,PIDILITIND26MAY1520CE,4.10,5.75,3.05,3.40,3.20,3.80,1472.80,3.40,260500,2000,371,282707775.00,324,F1,500,,,,,
2026-05-21,2026-05-21,FO,NSE,STO,141872,,PIDILITIND,,2026-05-26,2026-05-26,1540.00,CE,PIDILITIND26MAY1540CE,3.00,3.40,1.70,2.00,2.05,2.45,1472.80,2.00,134500,-22500,233,179672475.00,180,F1,500,,,,,
2026-05-21,2026-05-21,FO,NSE,STO,141932,,PIDILITIND,,2026-05-26,2026-05-26,1620.00,CE,PIDILITIND26MAY1620CE,0.40,0.50,0.40,0.45,0.45,0.75,1472.80,0.45,94000,-1500,30,24306875.00,19,F1,500,,,,,
2026-05-21,2026-05-21,FO,NSE,STO,161679,,PIDILITIND,,2026-06-30,2026-06-30,1160.00,CE,PIDILITIND26JUN1160CE,0.00,0.00,0.00,158.90,0.00,158.90,1472.80,321.10,0,0,0,0.00,0,F1,500,,,,,
2026-05-21,2026-05-21,FO,NSE,STO,161685,,PIDILITIND,,2026-06-30,2026-06-30,1220.00,CE,PIDILITIND26JUN1220CE,0.00,0.00,0.00,114.15,0.00,114.15,1472.80,261.95,0,0,0,0.00,0,F1,500,,,,,
2026-05-21,2026-05-21,FO,NSE,STO,161691,,PIDILITIND,,2026-06-30,2026-06-30,1280.00,CE,PIDILITIND26JUN1280CE,0.00,0.00,0.00,77.60,0.00,77.60,1472.80,204.10,0,0,0,0.00,0,F1,500,,,,,
2026-05-21,2026-05-21,FO,NSE,STO,132240,,PIDILITIND,,2026-06-30,2026-06-30,1390.00,CE,PIDILITIND26JUN1390CE,0.00,0.00,0.00,68.00,0.00,68.00,1472.80,109.15,0,0,0,0.00,0,F1,500,,,,,
2026-05-21,2026-05-21,FO,NSE,STO,161718,,PIDILITIND,,2026-06-30,2026-06-30,1540.00,PE,PIDILITIND26JUN1540PE,0.00,0.00,0.00,90.00,90.00,90.00,1472.80,85.25,500,0,0,0.00,0,F1,500,,,,,
2026-05-21,2026-05-21,FO,NSE,STO,141716,,PIDILITIND,,2026-05-26,2026-05-26,1220.00,CE,PIDILITIND26MAY1220CE,0.00,0.00,0.00,281.85,0.00,281.85,1472.80,253.80,0,0,0,0.00,0,F1,500,,,,,
2026-05-21,2026-05-21,FO,NSE,STF,61272,,PIDILITIND,,2026-07-28,2026-07-28,,,PIDILITIND26JULFUT,1483.40,1483.40,1474.30,1478.20,1476.30,1468.90,1472.80,1478.20,63000,8000,38,28078750.00,36,F1,500,,,,,
2026-05-21,2026-05-21,FO,NSE,STO,132243,,PIDILITIND,,2026-06-30,2026-06-30,1410.00,PE,PIDILITIND26JUN1410PE,0.00,0.00,0.00,61.50,0.00,61.50,1472.80,21.90,0,0,0,0.00,0,F1,500,,,,,
2026-05-21,2026-05-21,FO,NSE,STO,161715,,PIDILITIND,,2026-06-30,2026-06-30,1520.00,CE,PIDILITIND26JUN1520CE,30.00,30.00,30.00,30.00,30.00,9.40,1472.80,35.75,3000,3000,6,4650000.00,1,F1,500,,,,,
2026-05-21,2026-05-21,FO,NSE,STO,161688,,PIDILITIND,,2026-06-30,2026-06-30,1240.00,PE,PIDILITIND26JUN1240PE,0.00,0.00,0.00,33.80,0.00,33.80,1472.80,0.90,0,0,0,0.00,0,F1,500,,,,,
2026-05-21,2026-05-21,FO,NSE,STO,141758,,PIDILITIND,,2026-05-26,2026-05-26,1480.00,CE,PIDILITIND26MAY1480CE,12.30,17.20,10.55,11.85,12.70,11.00,1472.80,11.85,184500,-21500,933,696634900.00,787,F1,500,,,,,
2026-05-21,2026-05-21,FO,NSE,STO,161720,,PIDILITIND,,2026-06-30,2026-06-30,1560.00,PE,PIDILITIND26JUN1560PE,0.00,0.00,0.00,105.00,105.00,105.00,1472.80,99.30,2000,0,0,0.00,0,F1,500,,,,,
2026-05-21,2026-05-21,FO,NSE,STO,132536,,PIDILITIND,,2026-07-28,2026-07-28,1240.00,PE,PIDILITIND26JUL1240PE,0.00,0.00,0.00,13.85,0.00,13.85,1472.80,3.45,0,0,0,0.00,0,F1,500,,,,,
2026-05-21,2026-05-21,FO,NSE,STO,132739,,PIDILITIND,,2026-07-28,2026-07-28,1340.00,CE,PIDILITIND26JUL1340CE,0.00,0.00,0.00,111.65,0.00,111.65,1472.80,163.85,0,0,0,0.00,0,F1,500,,,,,
2026-05-21,2026-05-21,FO,NSE,STO,161680,,PIDILITIND,,2026-06-30,2026-06-30,1160.00,PE,PIDILITIND26JUN1160PE,0.00,0.00,0.00,13.10,0.00,13.10,1472.80,0.10,0,0,0,0.00,0,F1,500,,,,,
2026-05-21,2026-05-21,FO,NSE,STO,161626,,PIDILITIND,,2026-05-26,2026-05-26,1570.00,PE,PIDILITIND26MAY1570PE,0.00,0.00,0.00,269.00,0.00,269.00,1472.80,96.30,0,0,0,0.00,0,F1,500,,,,,
2026-05-21,2026-05-21,FO,NSE,STO,161602,,PIDILITIND,,2026-05-26,2026-05-26,1390.00,PE,PIDILITIND26MAY1390PE,1.25,1.30,0.75,0.85,0.85,2.10,1472.80,0.85,116000,2500,48,33385225.00,30,F1,500,,,,,
2026-05-21,2026-05-21,FO,NSE,STO,161598,,PIDILITIND,,2026-05-26,2026-05-26,1350.00,PE,PIDILITIND26MAY1350PE,0.95,0.95,0.45,0.50,0.50,0.95,1472.80,0.50,137000,-3500,45,30387225.00,38,F1,500,,,,,
2026-05-21,2026-05-21,FO,NSE,STO,141723,,PIDILITIND,,2026-05-26,2026-05-26,1280.00,PE,PIDILITIND26MAY1280PE,0.50,0.50,0.50,0.50,0.50,0.65,1472.80,0.00,12000,0,3,1920750.00,1,F1,500,,,,,
2026-05-21,2026-05-21,FO,NSE,STO,161693,,PIDILITIND,,2026-06-30,2026-06-30,1300.00,CE,PIDILITIND26JUN1300CE,0.00,0.00,0.00,206.10,206.10,206.10,1472.80,185.45,500,0,0,0.00,0,F1,500,,,,,
2026-05-21,2026-05-21,FO,NSE,STO,161716,,PIDILITIND,,2026-06-30,2026-06-30,1520.00,PE,PIDILITIND26JUN1520PE,0.00,0.00,0.00,217.15,0.00,217.15,1472.80,72.25,0,0,0,0.00,0,F1,500,,,,,
2026-05-21,2026-05-21,FO,NSE,STO,161714,,PIDILITIND,,2026-06-30,2026-06-30,1500.00,PE,PIDILITIND26JUN1500PE,60.00,60.00,54.00,55.00,55.00,64.00,1472.80,55.00,7500,4000,31,24133075.00,22,F1,500,,,,,
2026-05-21,2026-05-21,FO,NSE,STO,161605,,PIDILITIND,,2026-05-26,2026-05-26,1430.00,CE,PIDILITIND26MAY1430CE,46.35,49.50,40.60,45.45,46.30,32.70,1472.80,45.45,29500,-7000,30,22128700.00,30,F1,500,,,,,
2026-05-21,2026-05-21,FO,NSE,STO,161285,,PIDILITIND,,2026-05-26,2026-05-26,1250.00,CE,PIDILITIND26MAY1250CE,0.00,0.00,0.00,77.00,0.00,77.00,1472.80,223.85,0,0,0,0.00,0,F1,500,,,,,
2026-05-21,2026-05-21,FO,NSE,STO,161692,,PIDILITIND,,2026-06-30,2026-06-30,1280.00,PE,PIDILITIND26JUN1280PE,0.00,0.00,0.00,3.50,3.50,3.50,1472.80,2.30,1500,0,0,0.00,0,F1,500,,,,,
2026-05-21,2026-05-21,FO,NSE,STO,141714,,PIDILITIND,,2026-05-26,2026-05-26,1200.00,CE,PIDILITIND26MAY1200CE,0.00,0.00,0.00,180.00,180.00,180.00,1472.80,273.80,5000,0,0,0.00,0,F1,500,,,,,
2026-05-21,2026-05-21,FO,NSE,STO,141712,,PIDILITIND,,2026-05-26,2026-05-26,1180.00,CE,PIDILITIND26MAY1180CE,0.00,0.00,0.00,303.85,303.85,303.85,1472.80,293.80,1500,0,0,0.00,0,F1,500,,,,,
2026-05-21,2026-05-21,FO,NSE,STO,132783,,PIDILITIND,,2026-07-28,2026-07-28,1500.00,PE,PIDILITIND26JUL1500PE,0.00,0.00,0.00,124.70,0.00,124.70,1472.80,71.85,0,0,0,0.00,0,F1,500,,,,,
2026-05-21,2026-05-21,FO,NSE,STO,132779,,PIDILITIND,,2026-07-28,2026-07-28,1460.00,PE,PIDILITIND26JUL1460PE,0.00,0.00,0.00,98.55,0.00,98.55,1472.80,52.20,0,0,0,0.00,0,F1,500,,,,,
2026-05-21,2026-05-21,FO,NSE,STO,132259,,PIDILITIND,,2026-06-30,2026-06-30,1550.00,PE,PIDILITIND26JUN1550PE,0.00,0.00,0.00,157.70,0.00,157.70,1472.80,92.15,0,0,0,0.00,0,F1,500,,,,,
2026-05-21,2026-05-21,FO,NSE,STO,161712,,PIDILITIND,,2026-06-30,2026-06-30,1480.00,PE,PIDILITIND26JUN1480PE,48.00,49.00,45.95,46.00,46.00,61.00,1472.80,46.00,9500,5000,11,8402975.00,10,F1,500,,,,,
2026-05-21,2026-05-21,FO,NSE,STO,161706,,PIDILITIND,,2026-06-30,2026-06-30,1420.00,PE,PIDILITIND26JUN1420PE,0.00,0.00,0.00,134.80,0.00,134.80,1472.80,24.95,0,0,0,0.00,0,F1,500,,,,,
2026-05-21,2026-05-21,FO,NSE,STO,132241,,PIDILITIND,,2026-06-30,2026-06-30,1390.00,PE,PIDILITIND26JUN1390PE,0.00,0.00,0.00,42.45,42.45,42.45,1472.80,16.55,2000,0,0,0.00,0,F1,500,,,,,
2026-05-21,2026-05-21,FO,NSE,STO,161700,,PIDILITIND,,2026-06-30,2026-06-30,1360.00,PE,PIDILITIND26JUN1360PE,0.00,0.00,0.00,93.05,0.00,93.05,1472.80,10.45,0,0,0,0.00,0,F1,500,,,,,
2026-05-21,2026-05-21,FO,NSE,STO,132235,,PIDILITIND,,2026-06-30,2026-06-30,1330.00,PE,PIDILITIND26JUN1330PE,0.00,0.00,0.00,8.30,8.30,8.30,1472.80,6.20,1000,0,0,0.00,0,F1,500,,,,,
2026-05-21,2026-05-21,FO,NSE,STO,132231,,PIDILITIND,,2026-06-30,2026-06-30,1290.00,PE,PIDILITIND26JUN1290PE,0.00,0.00,0.00,17.15,0.00,17.15,1472.80,2.85,0,0,0,0.00,0,F1,500,,,,,
2026-05-21,2026-05-21,FO,NSE,STO,141761,,PIDILITIND,,2026-05-26,2026-05-26,1480.00,PE,PIDILITIND26MAY1480PE,24.15,25.30,18.40,20.30,19.85,32.75,1472.80,20.30,89500,-1500,139,104367925.00,137,F1,500,,,,,
2026-05-21,2026-05-21,FO,NSE,STO,161604,,PIDILITIND,,2026-05-26,2026-05-26,1410.00,PE,PIDILITIND26MAY1410PE,2.10,2.35,1.35,1.45,1.35,4.50,1472.80,1.45,26500,-10000,50,35295850.00,48,F1,500,,,,,
2026-05-21,2026-05-21,FO,NSE,STO,141727,,PIDILITIND,,2026-05-26,2026-05-26,1320.00,PE,PIDILITIND26MAY1320PE,0.00,0.00,0.00,0.60,0.60,0.60,1472.80,0.00,48500,0,0,0.00,0,F1,500,,,,,
2026-05-21,2026-05-21,FO,NSE,STO,132741,,PIDILITIND,,2026-07-28,2026-07-28,1360.00,CE,PIDILITIND26JUL1360CE,0.00,0.00,0.00,99.55,0.00,99.55,1472.80,148.20,0,0,0,0.00,0,F1,500,,,,,
2026-05-21,2026-05-21,FO,NSE,STO,132537,,PIDILITIND,,2026-07-28,2026-07-28,1260.00,CE,PIDILITIND26JUL1260CE,0.00,0.00,0.00,168.25,0.00,168.25,1472.80,232.70,0,0,0,0.00,0,F1,500,,,,,
2026-05-21,2026-05-21,FO,NSE,STO,132253,,PIDILITIND,,2026-06-30,2026-06-30,1510.00,CE,PIDILITIND26JUN1510CE,0.00,0.00,0.00,23.80,0.00,23.80,1472.80,39.60,0,0,0,0.00,0,F1,500,,,,,
2026-05-21,2026-05-21,FO,NSE,STO,161699,,PIDILITIND,,2026-06-30,2026-06-30,1360.00,CE,PIDILITIND26JUN1360CE,0.00,0.00,0.00,42.40,0.00,42.40,1472.80,132.85,0,0,0,0.00,0,F1,500,,,,,
2026-05-21,2026-05-21,FO,NSE,STO,161695,,PIDILITIND,,2026-06-30,2026-06-30,1320.00,CE,PIDILITIND26JUN1320CE,0.00,0.00,0.00,58.10,0.00,58.10,1472.80,167.30,0,0,0,0.00,0,F1,500,,,,,
2026-05-21,2026-05-21,FO,NSE,STO,132232,,PIDILITIND,,2026-06-30,2026-06-30,1310.00,CE,PIDILITIND26JUN1310CE,0.00,0.00,0.00,117.75,0.00,117.75,1472.80,176.30,0,0,0,0.00,0,F1,500,,,,,
2026-05-21,2026-05-21,FO,NSE,STO,141940,,PIDILITIND,,2026-05-26,2026-05-26,1680.00,CE,PIDILITIND26MAY1680CE,0.00,0.00,0.00,12.80,0.00,12.80,1472.80,0.00,0,0,0,0.00,0,F1,500,,,,,
2026-05-21,2026-05-21,FO,NSE,STO,141734,,PIDILITIND,,2026-05-26,2026-05-26,1380.00,CE,PIDILITIND26MAY1380CE,0.00,0.00,0.00,82.50,82.50,82.50,1472.80,94.20,42000,0,0,0.00,0,F1,500,,,,,
2026-05-21,2026-05-21,FO,NSE,STO,161287,,PIDILITIND,,2026-05-26,2026-05-26,1270.00,CE,PIDILITIND26MAY1270CE,0.00,0.00,0.00,65.00,0.00,65.00,1472.80,203.85,0,0,0,0.00,0,F1,500,,,,,
2026-05-21,2026-05-21,FO,NSE,STO,132732,,PIDILITIND,,2026-07-28,2026-07-28,1280.00,PE,PIDILITIND26JUL1280PE,0.00,0.00,0.00,21.95,0.00,21.95,1472.80,6.55,0,0,0,0.00,0,F1,500,,,,,
2026-05-21,2026-05-21,FO,NSE,STO,132740,,PIDILITIND,,2026-07-28,2026-07-28,1340.00,PE,PIDILITIND26JUL1340PE,0.00,0.00,0.00,39.80,0.00,39.80,1472.80,15.00,0,0,0,0.00,0,F1,500,,,,,
2026-05-21,2026-05-21,FO,NSE,STO,132781,,PIDILITIND,,2026-07-28,2026-07-28,1480.00,PE,PIDILITIND26JUL1480PE,0.00,0.00,0.00,111.25,0.00,111.25,1472.80,61.55,0,0,0,0.00,0,F1,500,,,,,
2026-05-21,2026-05-21,FO,NSE,STO,132789,,PIDILITIND,,2026-07-28,2026-07-28,1560.00,PE,PIDILITIND26JUL1560PE,0.00,0.00,0.00,169.15,0.00,169.15,1472.80,108.10,0,0,0,0.00,0,F1,500,,,,,
2026-05-21,2026-05-21,FO,NSE,STF,66331,,PIDILITIND,,2026-05-26,2026-05-26,,,PIDILITIND26MAYFUT,1458.70,1478.00,1458.70,1472.10,1473.80,1458.70,1472.80,1472.10,5469000,-1613500,4021,2958129350.00,3695,F1,500,,,,,
2026-05-21,2026-05-21,FO,NSE,STO,141754,,PIDILITIND,,2026-05-26,2026-05-26,1440.00,CE,PIDILITIND26MAY1440CE,41.00,41.00,32.00,35.45,36.20,29.40,1472.80,35.45,43000,-16500,79,58332675.00,78,F1,500,,,,,
2026-05-21,2026-05-21,FO,NSE,STO,161609,,PIDILITIND,,2026-05-26,2026-05-26,1470.00,CE,PIDILITIND26MAY1470CE,20.00,21.80,14.55,16.35,16.60,14.35,1472.80,16.35,50500,-37500,514,382348550.00,472,F1,500,,,,,
2026-05-21,2026-05-21,FO,NSE,STO,132238,,PIDILITIND,,2026-06-30,2026-06-30,1370.00,CE,PIDILITIND26JUN1370CE,0.00,0.00,0.00,62.25,62.25,62.25,1472.80,124.70,500,0,0,0.00,0,F1,500,,,,,
2026-05-21,2026-05-21,FO,NSE,STO,132262,,PIDILITIND,,2026-06-30,2026-06-30,1590.00,CE,PIDILITIND26JUN1590CE,0.00,0.00,0.00,10.15,0.00,10.15,1472.80,16.20,0,0,0,0.00,0,F1,500,,,,,
2026-05-21,2026-05-21,FO,NSE,STO,161727,,PIDILITIND,,2026-06-30,2026-06-30,1640.00,CE,PIDILITIND26JUN1640CE,9.95,9.95,9.95,9.95,9.95,5.95,1472.80,8.45,20500,0,1,824975.00,1,F1,500,,,,,
2026-05-21,2026-05-21,FO,NSE,STO,132786,,PIDILITIND,,2026-07-28,2026-07-28,1540.00,CE,PIDILITIND26JUL1540CE,0.00,0.00,0.00,28.50,0.00,28.50,1472.80,46.40,0,0,0,0.00,0,F1,500,,,,,
2026-05-21,2026-05-21,FO,NSE,STO,141713,,PIDILITIND,,2026-05-26,2026-05-26,1180.00,PE,PIDILITIND26MAY1180PE,0.00,0.00,0.00,0.50,0.00,0.50,1472.80,0.00,0,0,0,0.00,0,F1,500,,,,,
2026-05-21,2026-05-21,FO,NSE,STO,141717,,PIDILITIND,,2026-05-26,2026-05-26,1220.00,PE,PIDILITIND26MAY1220PE,0.00,0.00,0.00,0.20,0.20,0.20,1472.80,0.00,1000,0,0,0.00,0,F1,500,,,,,
2026-05-21,2026-05-21,FO,NSE,STO,161698,,PIDILITIND,,2026-06-30,2026-06-30,1340.00,PE,PIDILITIND26JUN1340PE,9.65,9.65,7.05,7.05,7.05,9.55,1472.80,7.45,18000,4500,18,12127950.00,15,F1,500,,,,,
2026-05-21,2026-05-21,FO,NSE,STO,161708,,PIDILITIND,,2026-06-30,2026-06-30,1440.00,PE,PIDILITIND26JUN1440PE,29.00,31.30,29.00,31.30,31.30,37.05,1472.80,32.00,4500,1000,6,4410450.00,5,F1,500,,,,,
2026-05-21,2026-05-21,FO,NSE,STO,161730,,PIDILITIND,,2026-06-30,2026-06-30,1680.00,PE,PIDILITIND26JUN1680PE,0.00,0.00,0.00,366.35,0.00,366.35,1472.80,200.15,0,0,0,0.00,0,F1,500,,,,,
2026-05-21,2026-05-21,FO,NSE,STO,161701,,PIDILITIND,,2026-06-30,2026-06-30,1380.00,CE,PIDILITIND26JUN1380CE,0.00,0.00,0.00,35.85,0.00,35.85,1472.80,116.80,0,0,0,0.00,0,F1,500,,,,,
2026-05-21,2026-05-21,FO,NSE,STO,161687,,PIDILITIND,,2026-06-30,2026-06-30,1240.00,CE,PIDILITIND26JUN1240CE,0.00,0.00,0.00,101.00,0.00,101.00,1472.80,242.45,0,0,0,0.00,0,F1,500,,,,,
2026-05-21,2026-05-21,FO,NSE,STO,132239,,PIDILITIND,,2026-06-30,2026-06-30,1370.00,PE,PIDILITIND26JUN1370PE,0.00,0.00,0.00,42.60,0.00,42.60,1472.80,12.25,0,0,0,0.00,0,F1,500,,,,,
2026-05-21,2026-05-21,FO,NSE,STO,161613,,PIDILITIND,,2026-05-26,2026-05-26,1510.00,CE,PIDILITIND26MAY1510CE,5.90,7.35,4.20,4.75,4.90,4.90,1472.80,4.75,192500,-11500,285,215935100.00,262,F1,500,,,,,
2026-05-21,2026-05-21,FO,NSE,STO,141738,,PIDILITIND,,2026-05-26,2026-05-26,1420.00,CE,PIDILITIND26MAY1420CE,50.00,55.50,50.00,52.85,52.85,41.95,1472.80,52.85,31500,-3000,14,10312125.00,14,F1,500,,,,,
2026-05-21,2026-05-21,FO,NSE,STO,161437,,PIDILITIND,,2026-05-26,2026-05-26,1350.00,CE,PIDILITIND26MAY1350CE,0.00,0.00,0.00,110.00,110.00,110.00,1472.80,123.95,24500,0,0,0.00,0,F1,500,,,,,
2026-05-21,2026-05-21,FO,NSE,STO,132736,,PIDILITIND,,2026-07-28,2026-07-28,1300.00,PE,PIDILITIND26JUL1300PE,0.00,0.00,0.00,27.15,0.00,27.15,1472.80,8.80,0,0,0,0.00,0,F1,500,,,,,
2026-05-21,2026-05-21,FO,NSE,STO,37707,,PIDILITIND,,2026-06-30,2026-06-30,1660.00,PE,PIDILITIND26JUN1660PE,0.00,0.00,0.00,326.20,0.00,326.20,1472.80,181.90,0,0,0,0.00,0,F1,500,,,,,
2026-05-21,2026-05-21,FO,NSE,STO,161728,,PIDILITIND,,2026-06-30,2026-06-30,1640.00,PE,PIDILITIND26JUN1640PE,0.00,0.00,0.00,328.00,0.00,328.00,1472.80,164.10,0,0,0,0.00,0,F1,500,,,,,
2026-05-21,2026-05-21,FO,NSE,STO,161694,,PIDILITIND,,2026-06-30,2026-06-30,1300.00,PE,PIDILITIND26JUN1300PE,3.60,3.60,3.60,3.60,3.60,5.05,1472.80,3.50,29500,500,1,651800.00,1,F1,500,,,,,
2026-05-21,2026-05-21,FO,NSE,STO,141931,,PIDILITIND,,2026-05-26,2026-05-26,1600.00,PE,PIDILITIND26MAY1600PE,0.00,0.00,0.00,145.00,145.00,145.00,1472.80,126.00,4000,0,0,0.00,0,F1,500,,,,,
2026-05-21,2026-05-21,FO,NSE,STO,161632,,PIDILITIND,,2026-05-26,2026-05-26,1590.00,PE,PIDILITIND26MAY1590PE,0.00,0.00,0.00,197.85,197.85,197.85,1472.80,116.05,500,0,0,0.00,0,F1,500,,,,,
2026-05-21,2026-05-21,FO,NSE,STO,141883,,PIDILITIND,,2026-05-26,2026-05-26,1580.00,PE,PIDILITIND26MAY1580PE,0.00,0.00,0.00,126.10,126.10,126.10,1472.80,106.15,1500,0,0,0.00,0,F1,500,,,,,
2026-05-21,2026-05-21,FO,NSE,STO,161608,,PIDILITIND,,2026-05-26,2026-05-26,1450.00,PE,PIDILITIND26MAY1450PE,8.80,10.45,6.30,7.25,7.50,16.25,1472.80,7.25,55500,-25500,238,173534650.00,226,F1,500,,,,,
2026-05-21,2026-05-21,FO,NSE,STO,141737,,PIDILITIND,,2026-05-26,2026-05-26,1400.00,PE,PIDILITIND26MAY1400PE,1.60,2.30,1.00,1.15,1.15,3.10,1472.80,1.15,103000,-20000,131,91784775.00,112,F1,500,,,,,
2026-05-21,2026-05-21,FO,NSE,STO,141718,,PIDILITIND,,2026-05-26,2026-05-26,1240.00,CE,PIDILITIND26MAY1240CE,0.00,0.00,0.00,262.80,0.00,262.80,1472.80,233.85,0,0,0,0.00,0,F1,500,,,,,
2026-05-21,2026-05-21,FO,NSE,STO,132245,,PIDILITIND,,2026-06-30,2026-06-30,1430.00,PE,PIDILITIND26JUN1430PE,0.00,0.00,0.00,31.00,31.00,31.00,1472.80,28.30,8000,0,0,0.00,0,F1,500,,,,,
2026-05-21,2026-05-21,FO,NSE,STO,141753,,PIDILITIND,,2026-05-26,2026-05-26,1420.00,PE,PIDILITIND26MAY1420PE,4.00,4.00,1.85,2.10,2.20,6.20,1472.80,2.10,63000,-9500,161,114518875.00,140,F1,500,,,,,
2026-05-21,2026-05-21,FO,NSE,STO,141719,,PIDILITIND,,2026-05-26,2026-05-26,1240.00,PE,PIDILITIND26MAY1240PE,0.00,0.00,0.00,0.55,0.55,0.55,1472.80,0.00,3000,0,0,0.00,0,F1,500,,,,,
2026-05-21,2026-05-21,FO,NSE,STO,132778,,PIDILITIND,,2026-07-28,2026-07-28,1460.00,CE,PIDILITIND26JUL1460CE,0.00,0.00,0.00,52.10,0.00,52.10,1472.80,82.45,0,0,0,0.00,0,F1,500,,,,,
2026-05-21,2026-05-21,FO,NSE,STO,161709,,PIDILITIND,,2026-06-30,2026-06-30,1460.00,CE,PIDILITIND26JUN1460CE,0.00,0.00,0.00,17.30,0.00,17.30,1472.80,63.30,0,0,0,0.00,0,F1,500,,,,,
2026-05-21,2026-05-21,FO,NSE,STO,161721,,PIDILITIND,,2026-06-30,2026-06-30,1580.00,CE,PIDILITIND26JUN1580CE,0.00,0.00,0.00,31.40,31.40,31.40,1472.80,18.25,2000,0,0,0.00,0,F1,500,,,,,
2026-05-21,2026-05-21,FO,NSE,STO,132775,,PIDILITIND,,2026-07-28,2026-07-28,1420.00,PE,PIDILITIND26JUL1420PE,0.00,0.00,0.00,75.55,0.00,75.55,1472.80,36.25,0,0,0,0.00,0,F1,500,,,,,
2026-05-21,2026-05-21,FO,NSE,STO,132738,,PIDILITIND,,2026-07-28,2026-07-28,1320.00,PE,PIDILITIND26JUL1320PE,0.00,0.00,0.00,33.05,0.00,33.05,1472.80,11.60,0,0,0,0.00,0,F1,500,,,,,
2026-05-21,2026-05-21,FO,NSE,STO,132521,,PIDILITIND,,2026-07-28,2026-07-28,1160.00,PE,PIDILITIND26JUL1160PE,0.00,0.00,0.00,4.55,0.00,4.55,1472.80,0.75,0,0,0,0.00,0,F1,500,,,,,
2026-05-21,2026-05-21,FO,NSE,STO,161726,,PIDILITIND,,2026-06-30,2026-06-30,1620.00,PE,PIDILITIND26JUN1620PE,0.00,0.00,0.00,309.05,0.00,309.05,1472.80,146.80,0,0,0,0.00,0,F1,500,,,,,
2026-05-21,2026-05-21,FO,NSE,STO,132261,,PIDILITIND,,2026-06-30,2026-06-30,1570.00,PE,PIDILITIND26JUN1570PE,0.00,0.00,0.00,174.45,0.00,174.45,1472.80,106.75,0,0,0,0.00,0,F1,500,,,,,
2026-05-21,2026-05-21,FO,NSE,STO,132254,,PIDILITIND,,2026-06-30,2026-06-30,1510.00,PE,PIDILITIND26JUN1510PE,0.00,0.00,0.00,126.15,0.00,126.15,1472.80,66.15,0,0,0,0.00,0,F1,500,,,,,
2026-05-21,2026-05-21,FO,NSE,STO,161703,,PIDILITIND,,2026-06-30,2026-06-30,1400.00,CE,PIDILITIND26JUN1400CE,95.90,95.90,95.90,95.90,95.90,85.00,1472.80,101.80,13500,0,1,747950.00,1,F1,500,,,,,
2026-05-21,2026-05-21,FO,NSE,STO,161689,,PIDILITIND,,2026-06-30,2026-06-30,1260.00,CE,PIDILITIND26JUN1260CE,0.00,0.00,0.00,88.80,0.00,88.80,1472.80,223.15,0,0,0,0.00,0,F1,500,,,,,
2026-05-21,2026-05-21,FO,NSE,STO,141880,,PIDILITIND,,2026-05-26,2026-05-26,1580.00,CE,PIDILITIND26MAY1580CE,0.00,0.00,0.00,1.25,1.25,1.25,1472.80,0.20,70500,0,0,0.00,0,F1,500,,,,,
2026-05-21,2026-05-21,FO,NSE,STO,141874,,PIDILITIND,,2026-05-26,2026-05-26,1560.00,CE,PIDILITIND26MAY1560CE,1.70,2.00,0.95,1.10,1.10,1.45,1472.80,0.65,196000,-9500,61,47615450.00,43,F1,500,,,,,
2026-05-21,2026-05-21,FO,NSE,STO,141720,,PIDILITIND,,2026-05-26,2026-05-26,1260.00,CE,PIDILITIND26MAY1260CE,0.00,0.00,0.00,244.00,0.00,244.00,1472.80,213.85,0,0,0,0.00,0,F1,500,,,,,
2026-05-21,2026-05-21,FO,NSE,STO,161622,,PIDILITIND,,2026-05-26,2026-05-26,1550.00,PE,PIDILITIND26MAY1550PE,0.00,0.00,0.00,249.75,0.00,249.75,1472.80,77.00,0,0,0,0.00,0,F1,500,,,,,
2026-05-21,2026-05-21,FO,NSE,STO,132237,,PIDILITIND,,2026-06-30,2026-06-30,1350.00,PE,PIDILITIND26JUN1350PE,9.90,9.90,9.90,9.90,9.90,20.00,1472.80,8.85,0,-500,1,679950.00,1,F1,500,,,,,
2026-05-21,2026-05-21,FO,NSE,STO,132225,,PIDILITIND,,2026-06-30,2026-06-30,1250.00,PE,PIDILITIND26JUN1250PE,0.00,0.00,0.00,9.80,0.00,9.80,1472.80,1.15,0,0,0,0.00,0,F1,500,,,,,
2026-05-21,2026-05-21,FO,NSE,STO,161710,,PIDILITIND,,2026-06-30,2026-06-30,1460.00,PE,PIDILITIND26JUN1460PE,0.00,0.00,0.00,49.00,49.00,49.00,1472.80,40.20,1000,0,0,0.00,0,F1,500,,,,,
2026-05-21,2026-05-21,FO,NSE,STO,132773,,PIDILITIND,,2026-07-28,2026-07-28,1400.00,PE,PIDILITIND26JUL1400PE,0.00,0.00,0.00,65.30,0.00,65.30,1472.80,29.70,0,0,0,0.00,0,F1,500,,,,,
2026-05-21,2026-05-21,FO,NSE,STO,161299,,PIDILITIND,,2026-05-26,2026-05-26,1310.00,CE,PIDILITIND26MAY1310CE,0.00,0.00,0.00,103.45,103.45,103.45,1472.80,163.90,1000,0,0,0.00,0,F1,500,,,,,
2026-05-21,2026-05-21,FO,NSE,STO,161601,,PIDILITIND,,2026-05-26,2026-05-26,1390.00,CE,PIDILITIND26MAY1390CE,0.00,0.00,0.00,67.10,68.50,67.10,1472.80,84.45,29000,0,0,0.00,0,F1,500,,,,,
2026-05-21,2026-05-21,FO,NSE,STO,161607,,PIDILITIND,,2026-05-26,2026-05-26,1450.00,CE,PIDILITIND26MAY1450CE,30.00,34.00,26.75,28.10,29.85,23.20,1472.80,28.10,108000,-16000,209,154631400.00,192,F1,500,,,,,
2026-05-21,2026-05-21,FO,NSE,STO,161623,,PIDILITIND,,2026-05-26,2026-05-26,1570.00,CE,PIDILITIND26MAY1570CE,1.15,1.50,0.70,0.80,0.80,1.15,1472.80,0.40,249500,-9500,67,52628575.00,52,F1,500,,,,,
2026-05-21,2026-05-21,FO,NSE,STO,132242,,PIDILITIND,,2026-06-30,2026-06-30,1410.00,CE,PIDILITIND26JUN1410CE,0.00,0.00,0.00,58.15,0.00,58.15,1472.80,94.60,0,0,0,0.00,0,F1,500,,,,,
2026-05-21,2026-05-21,FO,NSE,STO,161713,,PIDILITIND,,2026-06-30,2026-06-30,1500.00,CE,PIDILITIND26JUN1500CE,40.00,40.90,35.50,37.75,37.05,32.45,1472.80,37.75,73500,16000,108,83065025.00,92,F1,500,,,,,
2026-05-21,2026-05-21,FO,NSE,STO,161717,,PIDILITIND,,2026-06-30,2026-06-30,1540.00,CE,PIDILITIND26JUN1540CE,0.00,0.00,0.00,21.05,21.05,21.05,1472.80,28.90,2000,0,0,0.00,0,F1,500,,,,,
2026-05-21,2026-05-21,FO,NSE,STO,161729,,PIDILITIND,,2026-06-30,2026-06-30,1680.00,CE,PIDILITIND26JUN1680CE,0.00,0.00,0.00,1.45,0.00,1.45,1472.80,4.80,0,0,0,0.00,0,F1,500,,,,,
2026-05-21,2026-05-21,FO,NSE,STO,132519,,PIDILITIND,,2026-07-28,2026-07-28,1160.00,CE,PIDILITIND26JUL1160CE,0.00,0.00,0.00,253.80,0.00,253.80,1472.80,327.40,0,0,0,0.00,0,F1,500,,,,,
2026-05-21,2026-05-21,FO,NSE,STO,132528,,PIDILITIND,,2026-07-28,2026-07-28,1200.00,CE,PIDILITIND26JUL1200CE,0.00,0.00,0.00,218.05,0.00,218.05,1472.80,288.85,0,0,0,0.00,0,F1,500,,,,,
2026-05-21,2026-05-21,FO,NSE,STO,132639,,PIDILITIND,,2026-07-28,2026-07-28,1280.00,CE,PIDILITIND26JUL1280CE,0.00,0.00,0.00,152.95,0.00,152.95,1472.80,214.70,0,0,0,0.00,0,F1,500,,,,,
2026-05-21,2026-05-21,FO,NSE,STO,132784,,PIDILITIND,,2026-07-28,2026-07-28,1520.00,CE,PIDILITIND26JUL1520CE,0.00,0.00,0.00,33.30,0.00,33.30,1472.80,54.05,0,0,0,0.00,0,F1,500,,,,,
2026-05-21,2026-05-21,FO,NSE,STO,141715,,PIDILITIND,,2026-05-26,2026-05-26,1200.00,PE,PIDILITIND26MAY1200PE,0.00,0.00,0.00,0.30,0.30,0.30,1472.80,0.00,21500,0,0,0.00,0,F1,500,,,,,
2026-05-21,2026-05-21,FO,NSE,STO,141721,,PIDILITIND,,2026-05-26,2026-05-26,1260.00,PE,PIDILITIND26MAY1260PE,0.00,0.00,0.00,0.45,0.45,0.45,1472.80,0.00,0,0,0,0.00,0,F1,500,,,,,
2026-05-21,2026-05-21,FO,NSE,STO,161436,,PIDILITIND,,2026-05-26,2026-05-26,1330.00,PE,PIDILITIND26MAY1330PE,0.50,0.55,0.45,0.45,0.45,0.70,1472.80,0.00,44000,-5500,59,39249700.00,51,F1,500,,,,,
2026-05-21,2026-05-21,FO,NSE,STO,141763,,PIDILITIND,,2026-05-26,2026-05-26,1500.00,PE,PIDILITIND26MAY1500PE,29.45,40.00,29.45,34.40,36.00,48.00,1472.80,34.40,200000,-22500,209,160459775.00,206,F1,500,,,,,
2026-05-21,2026-05-21,FO,NSE,STO,132255,,PIDILITIND,,2026-06-30,2026-06-30,1530.00,CE,PIDILITIND26JUN1530CE,0.00,0.00,0.00,21.00,21.00,21.00,1472.80,32.20,1000,0,0,0.00,0,F1,500,,,,,
2026-05-21,2026-05-21,FO,NSE,STO,161611,,PIDILITIND,,2026-05-26,2026-05-26,1490.00,CE,PIDILITIND26MAY1490CE,11.50,12.90,7.80,8.60,9.30,8.60,1472.80,8.60,125000,-500,308,231010600.00,287,F1,500,,,,,
2026-05-21,2026-05-21,FO,NSE,STO,141726,,PIDILITIND,,2026-05-26,2026-05-26,1320.00,CE,PIDILITIND26MAY1320CE,0.00,0.00,0.00,189.80,0.00,189.80,1472.80,153.90,0,0,0,0.00,0,F1,500,,,,,
2026-05-21,2026-05-21,FO,NSE,STO,161722,,PIDILITIND,,2026-06-30,2026-06-30,1580.00,PE,PIDILITIND26JUN1580PE,0.00,0.00,0.00,271.55,0.00,271.55,1472.80,114.35,0,0,0,0.00,0,F1,500,,,,,
2026-05-21,2026-05-21,FO,NSE,STO,132247,,PIDILITIND,,2026-06-30,2026-06-30,1450.00,PE,PIDILITIND26JUN1450PE,0.00,0.00,0.00,40.00,40.00,40.00,1472.80,35.95,500,0,0,0.00,0,F1,500,,,,,
2026-05-21,2026-05-21,FO,NSE,STO,141937,,PIDILITIND,,2026-05-26,2026-05-26,1640.00,PE,PIDILITIND26MAY1640PE,0.00,0.00,0.00,151.75,0.00,151.75,1472.80,165.90,0,0,0,0.00,0,F1,500,,,,,
2026-05-21,2026-05-21,FO,NSE,STO,141933,,PIDILITIND,,2026-05-26,2026-05-26,1620.00,PE,PIDILITIND26MAY1620PE,0.00,0.00,0.00,136.25,0.00,136.25,1472.80,145.90,0,0,0,0.00,0,F1,500,,,,,
2026-05-21,2026-05-21,FO,NSE,STO,141879,,PIDILITIND,,2026-05-26,2026-05-26,1560.00,PE,PIDILITIND26MAY1560PE,0.00,0.00,0.00,102.00,102.00,102.00,1472.80,86.55,5500,0,0,0.00,0,F1,500,,,,,
2026-05-21,2026-05-21,FO,NSE,STO,141873,,PIDILITIND,,2026-05-26,2026-05-26,1540.00,PE,PIDILITIND26MAY1540PE,0.00,0.00,0.00,81.90,81.90,81.90,1472.80,67.60,13500,0,0,0.00,0,F1,500,,,,,
2026-05-21,2026-05-21,FO,NSE,STO,141735,,PIDILITIND,,2026-05-26,2026-05-26,1380.00,PE,PIDILITIND26MAY1380PE,0.95,1.00,0.60,0.60,0.60,1.60,1472.80,0.30,62500,-13000,44,30378400.00,41,F1,500,,,,,
2026-05-21,2026-05-21,FO,NSE,STO,132788,,PIDILITIND,,2026-07-28,2026-07-28,1560.00,CE,PIDILITIND26JUL1560CE,0.00,0.00,0.00,24.15,0.00,24.15,1472.80,39.55,0,0,0,0.00,0,F1,500,,,,,
2026-05-21,2026-05-21,FO,NSE,STO,132257,,PIDILITIND,,2026-06-30,2026-06-30,1550.00,CE,PIDILITIND26JUN1550CE,0.00,0.00,0.00,31.50,31.50,31.50,1472.80,25.85,1000,0,0,0.00,0,F1,500,,,,,
2026-05-21,2026-05-21,FO,NSE,STO,161697,,PIDILITIND,,2026-06-30,2026-06-30,1340.00,CE,PIDILITIND26JUN1340CE,0.00,0.00,0.00,49.80,0.00,49.80,1472.80,149.70,0,0,0,0.00,0,F1,500,,,,,
2026-05-21,2026-05-21,FO,NSE,STO,141938,,PIDILITIND,,2026-05-26,2026-05-26,1660.00,CE,PIDILITIND26MAY1660CE,0.10,0.45,0.10,0.20,0.20,0.30,1472.80,0.00,80000,-5500,16,13282250.00,12,F1,500,,,,,
2026-05-21,2026-05-21,FO,NSE,STO,132230,,PIDILITIND,,2026-06-30,2026-06-30,1290.00,CE,PIDILITIND26JUN1290CE,0.00,0.00,0.00,132.60,0.00,132.60,1472.80,194.75,0,0,0,0.00,0,F1,500,,,,,
2026-05-21,2026-05-21,FO,NSE,STO,161705,,PIDILITIND,,2026-06-30,2026-06-30,1420.00,CE,PIDILITIND26JUN1420CE,0.00,0.00,0.00,25.25,0.00,25.25,1472.80,87.75,0,0,0,0.00,0,F1,500,,,,,
2026-05-21,2026-05-21,FO,NSE,STO,132246,,PIDILITIND,,2026-06-30,2026-06-30,1450.00,CE,PIDILITIND26JUN1450CE,65.00,65.00,65.00,65.00,65.00,54.00,1472.80,65.00,1500,500,1,757500.00,1,F1,500,,,,,
2026-05-21,2026-05-21,FO,NSE,STO,132249,,PIDILITIND,,2026-06-30,2026-06-30,1470.00,CE,PIDILITIND26JUN1470CE,0.00,0.00,0.00,34.75,0.00,34.75,1472.80,57.95,0,0,0,0.00,0,F1,500,,,,,
2026-05-21,2026-05-21,FO,NSE,STO,132251,,PIDILITIND,,2026-06-30,2026-06-30,1490.00,CE,PIDILITIND26JUN1490CE,0.00,0.00,0.00,28.85,0.00,28.85,1472.80,48.15,0,0,0,0.00,0,F1,500,,,,,
2026-05-21,2026-05-21,FO,NSE,STO,37702,,PIDILITIND,,2026-06-30,2026-06-30,1660.00,CE,PIDILITIND26JUN1660CE,4.10,5.15,4.10,5.05,5.10,2.60,1472.80,5.05,11500,11500,30,24974550.00,26,F1,500,,,,,
2026-05-21,2026-05-21,FO,NSE,STO,132735,,PIDILITIND,,2026-07-28,2026-07-28,1300.00,CE,PIDILITIND26JUL1300CE,0.00,0.00,0.00,138.40,0.00,138.40,1472.80,197.15,0,0,0,0.00,0,F1,500,,,,,
2026-05-21,2026-05-21,FO,NSE,STO,132780,,PIDILITIND,,2026-07-28,2026-07-28,1480.00,CE,PIDILITIND26JUL1480CE,0.00,0.00,0.00,45.10,0.00,45.10,1472.80,72.05,0,0,0,0.00,0,F1,500,,,,,
2026-05-21,2026-05-21,FO,NSE,STO,132782,,PIDILITIND,,2026-07-28,2026-07-28,1500.00,CE,PIDILITIND26JUL1500CE,0.00,0.00,0.00,38.85,0.00,38.85,1472.80,62.60,0,0,0,0.00,0,F1,500,,,,,
2026-05-21,2026-05-21,FO,NSE,STO,132800,,PIDILITIND,,2026-07-28,2026-07-28,1680.00,CE,PIDILITIND26JUL1680CE,0.00,0.00,0.00,8.25,0.00,8.25,1472.80,13.50,0,0,0,0.00,0,F1,500,,,,,
2026-05-21,2026-05-21,FO,NSE,STO,161280,,PIDILITIND,,2026-05-26,2026-05-26,1190.00,PE,PIDILITIND26MAY1190PE,0.00,0.00,0.00,0.35,0.35,0.35,1472.80,0.00,6000,0,0,0.00,0,F1,500,,,,,
2026-05-21,2026-05-21,FO,NSE,STO,161298,,PIDILITIND,,2026-05-26,2026-05-26,1290.00,PE,PIDILITIND26MAY1290PE,0.00,0.00,0.00,0.50,0.50,0.50,1472.80,0.00,2500,0,0,0.00,0,F1,500,,,,,
2026-05-21,2026-05-21,FO,NSE,STO,141725,,PIDILITIND,,2026-05-26,2026-05-26,1300.00,PE,PIDILITIND26MAY1300PE,0.45,0.65,0.40,0.40,0.40,0.55,1472.80,0.00,62500,-20500,122,79330925.00,82,F1,500,,,,,
2026-05-21,2026-05-21,FO,NSE,STO,141733,,PIDILITIND,,2026-05-26,2026-05-26,1360.00,PE,PIDILITIND26MAY1360PE,0.80,0.80,0.45,0.45,0.45,0.75,1472.80,0.10,71500,-1500,32,21768525.00,28,F1,500,,,,,
2026-05-21,2026-05-21,FO,NSE,STO,161681,,PIDILITIND,,2026-06-30,2026-06-30,1180.00,CE,PIDILITIND26JUN1180CE,0.00,0.00,0.00,143.20,0.00,143.20,1472.80,301.30,0,0,0,0.00,0,F1,500,,,,,
2026-05-21,2026-05-21,FO,NSE,STO,132224,,PIDILITIND,,2026-06-30,2026-06-30,1250.00,CE,PIDILITIND26JUN1250CE,0.00,0.00,0.00,164.85,0.00,164.85,1472.80,232.75,0,0,0,0.00,0,F1,500,,,,,
2026-05-21,2026-05-21,FO,NSE,STO,132228,,PIDILITIND,,2026-06-30,2026-06-30,1270.00,CE,PIDILITIND26JUN1270CE,0.00,0.00,0.00,148.35,0.00,148.35,1472.80,213.60,0,0,0,0.00,0,F1,500,,,,,
2026-05-21,2026-05-21,FO,NSE,STO,132234,,PIDILITIND,,2026-06-30,2026-06-30,1330.00,CE,PIDILITIND26JUN1330CE,0.00,0.00,0.00,103.75,0.00,103.75,1472.80,158.40,0,0,0,0.00,0,F1,500,,,,,
2026-05-21,2026-05-21,FO,NSE,STO,132236,,PIDILITIND,,2026-06-30,2026-06-30,1350.00,CE,PIDILITIND26JUN1350CE,0.00,0.00,0.00,90.80,0.00,90.80,1472.80,141.15,0,0,0,0.00,0,F1,500,,,,,
2026-05-21,2026-05-21,FO,NSE,STO,132772,,PIDILITIND,,2026-07-28,2026-07-28,1400.00,CE,PIDILITIND26JUL1400CE,0.00,0.00,0.00,78.00,0.00,78.00,1472.80,119.25,0,0,0,0.00,0,F1,500,,,,,
2026-05-21,2026-05-21,FO,NSE,STO,132774,,PIDILITIND,,2026-07-28,2026-07-28,1420.00,CE,PIDILITIND26JUL1420CE,0.00,0.00,0.00,68.50,0.00,68.50,1472.80,106.05,0,0,0,0.00,0,F1,500,,,,,
2026-05-21,2026-05-21,FO,NSE,STO,132776,,PIDILITIND,,2026-07-28,2026-07-28,1440.00,CE,PIDILITIND26JUL1440CE,0.00,0.00,0.00,59.90,0.00,59.90,1472.80,93.80,0,0,0,0.00,0,F1,500,,,,,
2026-05-21,2026-05-21,FO,NSE,STO,132801,,PIDILITIND,,2026-07-28,2026-07-28,1680.00,PE,PIDILITIND26JUL1680PE,0.00,0.00,0.00,271.55,0.00,271.55,1472.80,200.60,0,0,0,0.00,0,F1,500,,,,,
2026-05-21,2026-05-21,FO,NSE,STO,132742,,PIDILITIND,,2026-07-28,2026-07-28,1360.00,PE,PIDILITIND26JUL1360PE,0.00,0.00,0.00,47.45,0.00,47.45,1472.80,19.10,0,0,0,0.00,0,F1,500,,,,,
2026-05-21,2026-05-21,FO,NSE,STO,161702,,PIDILITIND,,2026-06-30,2026-06-30,1380.00,PE,PIDILITIND26JUN1380PE,0.00,0.00,0.00,106.15,0.00,106.15,1472.80,14.30,0,0,0,0.00,0,F1,500,,,,,
2026-05-21,2026-05-21,FO,NSE,STO,161696,,PIDILITIND,,2026-06-30,2026-06-30,1320.00,PE,PIDILITIND26JUN1320PE,5.00,5.00,4.75,4.90,4.75,6.50,1472.80,4.90,10500,1000,3,1987375.00,3,F1,500,,,,,
2026-05-21,2026-05-21,FO,NSE,STO,161684,,PIDILITIND,,2026-06-30,2026-06-30,1200.00,PE,PIDILITIND26JUN1200PE,0.00,0.00,0.00,21.80,0.00,21.80,1472.80,0.30,0,0,0,0.00,0,F1,500,,,,,
2026-05-21,2026-05-21,FO,NSE,STO,141729,,PIDILITIND,,2026-05-26,2026-05-26,1340.00,PE,PIDILITIND26MAY1340PE,0.65,0.75,0.50,0.65,0.65,0.85,1472.80,0.65,182000,-1000,65,43570650.00,33,F1,500,,,,,
2026-05-21,2026-05-21,FO,NSE,STO,161288,,PIDILITIND,,2026-05-26,2026-05-26,1270.00,PE,PIDILITIND26MAY1270PE,0.30,0.30,0.30,0.30,0.30,0.30,1472.80,0.00,6500,-500,1,635150.00,1,F1,500,,,,,
2026-05-21,2026-05-21,FO,NSE,STF,62771,,PIDILITIND,,2026-06-30,2026-06-30,,,PIDILITIND26JUNFUT,1476.00,1485.20,1471.50,1481.00,1483.70,1467.30,1472.80,1481.00,1682000,1404500,3678,2721364450.00,3402,F1,500,,,,,
2026-05-21,2026-05-21,FO,NSE,STO,141724,,PIDILITIND,,2026-05-26,2026-05-26,1300.00,CE,PIDILITIND26MAY1300CE,0.00,0.00,0.00,186.70,186.70,186.70,1472.80,173.85,3500,0,0,0.00,0,F1,500,,,,,
2026-05-21,2026-05-21,FO,NSE,STO,161599,,PIDILITIND,,2026-05-26,2026-05-26,1370.00,CE,PIDILITIND26MAY1370CE,100.00,100.00,100.00,100.00,100.00,89.35,1472.80,104.05,29500,0,1,735000.00,1,F1,500,,,,,
2026-05-21,2026-05-21,FO,NSE,STO,161627,,PIDILITIND,,2026-05-26,2026-05-26,1590.00,CE,PIDILITIND26MAY1590CE,0.00,0.00,0.00,0.95,0.95,0.95,1472.80,0.15,10500,0,0,0.00,0,F1,500,,,,,
2026-05-21,2026-05-21,FO,NSE,STO,132796,,PIDILITIND,,2026-07-28,2026-07-28,1640.00,CE,PIDILITIND26JUL1640CE,0.00,0.00,0.00,12.00,0.00,12.00,1472.80,19.80,0,0,0,0.00,0,F1,500,,,,,
2026-05-21,2026-05-21,FO,NSE,STO,132790,,PIDILITIND,,2026-07-28,2026-07-28,1580.00,CE,PIDILITIND26JUL1580CE,0.00,0.00,0.00,20.40,0.00,20.40,1472.80,33.55,0,0,0,0.00,0,F1,500,,,,,
2026-05-21,2026-05-21,FO,NSE,STO,132737,,PIDILITIND,,2026-07-28,2026-07-28,1320.00,CE,PIDILITIND26JUL1320CE,0.00,0.00,0.00,124.60,0.00,124.60,1472.80,180.20,0,0,0,0.00,0,F1,500,,,,,
2026-05-21,2026-05-21,FO,NSE,STO,161707,,PIDILITIND,,2026-06-30,2026-06-30,1440.00,CE,PIDILITIND26JUN1440CE,0.00,0.00,0.00,20.95,0.00,20.95,1472.80,74.95,0,0,0,0.00,0,F1,500,,,,,
2026-05-21,2026-05-21,FO,NSE,STO,141934,,PIDILITIND,,2026-05-26,2026-05-26,1640.00,CE,PIDILITIND26MAY1640CE,0.35,0.35,0.20,0.30,0.30,0.35,1472.80,0.30,51500,-14000,43,35266075.00,26,F1,500,,,,,
2026-05-21,2026-05-21,FO,NSE,STO,161617,,PIDILITIND,,2026-05-26,2026-05-26,1530.00,CE,PIDILITIND26MAY1530CE,4.05,4.30,2.30,2.60,2.45,3.00,1472.80,2.60,290500,-25000,323,247577025.00,289,F1,500,,,,,
2026-05-21,2026-05-21,FO,NSE,STO,132793,,PIDILITIND,,2026-07-28,2026-07-28,1600.00,PE,PIDILITIND26JUL1600PE,0.00,0.00,0.00,201.60,0.00,201.60,1472.80,136.40,0,0,0,0.00,0,F1,500,,,,,
2026-05-21,2026-05-21,FO,NSE,STO,132785,,PIDILITIND,,2026-07-28,2026-07-28,1520.00,PE,PIDILITIND26JUL1520PE,0.00,0.00,0.00,138.85,0.00,138.85,1472.80,83.05,0,0,0,0.00,0,F1,500,,,,,
2026-05-21,2026-05-21,FO,NSE,STO,132638,,PIDILITIND,,2026-07-28,2026-07-28,1260.00,PE,PIDILITIND26JUL1260PE,0.00,0.00,0.00,17.55,0.00,17.55,1472.80,4.80,0,0,0,0.00,0,F1,500,,,,,
2026-05-21,2026-05-21,FO,NSE,STO,132529,,PIDILITIND,,2026-07-28,2026-07-28,1200.00,PE,PIDILITIND26JUL1200PE,0.00,0.00,0.00,8.20,0.00,8.20,1472.80,1.65,0,0,0,0.00,0,F1,500,,,,,
2026-05-21,2026-05-21,FO,NSE,STO,161724,,PIDILITIND,,2026-06-30,2026-06-30,1600.00,PE,PIDILITIND26JUN1600PE,130.00,133.40,130.00,130.50,130.50,140.00,1472.80,130.20,7000,0,9,7789350.00,4,F1,500,,,,,
2026-05-21,2026-05-21,FO,NSE,STO,132250,,PIDILITIND,,2026-06-30,2026-06-30,1470.00,PE,PIDILITIND26JUN1470PE,0.00,0.00,0.00,97.50,0.00,97.50,1472.80,44.80,0,0,0,0.00,0,F1,500,,,,,
2026-05-21,2026-05-21,FO,NSE,STO,161682,,PIDILITIND,,2026-06-30,2026-06-30,1180.00,PE,PIDILITIND26JUN1180PE,0.00,0.00,0.00,17.05,0.00,17.05,1472.80,0.20,0,0,0,0.00,0,F1,500,,,,,
2026-05-21,2026-05-21,FO,NSE,STO,141949,,PIDILITIND,,2026-05-26,2026-05-26,1680.00,PE,PIDILITIND26MAY1680PE,0.00,0.00,0.00,236.00,236.00,236.00,1472.80,205.85,0,0,0,0.00,0,F1,500,,,,,
2026-05-21,2026-05-21,FO,NSE,STO,161612,,PIDILITIND,,2026-05-26,2026-05-26,1490.00,PE,PIDILITIND26MAY1490PE,0.00,0.00,0.00,44.50,45.45,44.50,1472.80,27.35,62500,0,0,0.00,0,F1,500,,,,,
2026-05-21,2026-05-21,FO,NSE,STO,141757,,PIDILITIND,,2026-05-26,2026-05-26,1460.00,PE,PIDILITIND26MAY1460PE,17.35,17.35,9.45,10.55,10.10,22.25,1472.80,10.55,50500,1000,301,221522325.00,294,F1,500,,,,,
2026-05-21,2026-05-21,FO,NSE,STO,141755,,PIDILITIND,,2026-05-26,2026-05-26,1440.00,PE,PIDILITIND26MAY1440PE,9.00,9.00,4.35,4.90,4.60,11.95,1472.80,4.90,94500,-24000,224,161917050.00,212,F1,500,,,,,
2026-05-21,2026-05-21,FO,NSE,STO,141711,,PIDILITIND,,2026-05-26,2026-05-26,1160.00,PE,PIDILITIND26MAY1160PE,0.00,0.00,0.00,0.35,0.00,0.35,1472.80,0.00,0,0,0,0.00,0,F1,500,,,,,
2026-05-21,2026-05-21,FO,NSE,STO,43037,,PIDILITIND,,2026-05-26,2026-05-26,1100.00,PE,PIDILITIND26MAY1100PE,0.00,0.00,0.00,0.40,0.40,0.40,1472.80,0.00,1000,0,0,0.00,0,F1,500,,,,,
2026-05-21,2026-05-21,FO,NSE,STO,132792,,PIDILITIND,,2026-07-28,2026-07-28,1600.00,CE,PIDILITIND26JUL1600CE,0.00,0.00,0.00,17.20,0.00,17.20,1472.80,28.35,0,0,0,0.00,0,F1,500,,,,,
2026-05-21,2026-05-21,FO,NSE,STO,132533,,PIDILITIND,,2026-07-28,2026-07-28,1240.00,CE,PIDILITIND26JUL1240CE,0.00,0.00,0.00,184.25,0.00,184.25,1472.80,251.10,0,0,0,0.00,0,F1,500,,,,,
2026-05-21,2026-05-21,FO,NSE,STO,132260,,PIDILITIND,,2026-06-30,2026-06-30,1570.00,CE,PIDILITIND26JUN1570CE,0.00,0.00,0.00,12.70,0.00,12.70,1472.80,20.65,0,0,0,0.00,0,F1,500,,,,,
2026-05-21,2026-05-21,FO,NSE,STO,141884,,PIDILITIND,,2026-05-26,2026-05-26,1600.00,CE,PIDILITIND26MAY1600CE,1.10,1.15,0.50,0.60,0.60,0.85,1472.80,0.60,307500,-55500,326,260911150.00,214,F1,500,,,,,
2026-05-21,2026-05-21,FO,NSE,STO,161621,,PIDILITIND,,2026-05-26,2026-05-26,1550.00,CE,PIDILITIND26MAY1550CE,2.75,2.75,1.35,1.50,1.55,1.85,1472.80,1.50,212500,-16000,141,109398950.00,114,F1,500,,,,,
2026-05-21,2026-05-21,FO,NSE,STO,141762,,PIDILITIND,,2026-05-26,2026-05-26,1500.00,CE,PIDILITIND26MAY1500CE,8.95,10.40,5.75,6.45,6.55,6.50,1472.80,6.45,756000,-72000,1129,851019275.00,930,F1,500,,,,,
2026-05-21,2026-05-21,FO,NSE,STO,141730,,PIDILITIND,,2026-05-26,2026-05-26,1360.00,CE,PIDILITIND26MAY1360CE,0.00,0.00,0.00,136.20,136.20,136.20,1472.80,114.00,19000,0,0,0.00,0,F1,500,,,,,
2026-05-21,2026-05-21,FO,NSE,STO,141710,,PIDILITIND,,2026-05-26,2026-05-26,1160.00,CE,PIDILITIND26MAY1160CE,0.00,0.00,0.00,339.95,0.00,339.95,1472.80,313.75,0,0,0,0.00,0,F1,500,,,,,
2026-05-21,2026-05-21,FO,NSE,STO,132777,,PIDILITIND,,2026-07-28,2026-07-28,1440.00,PE,PIDILITIND26JUL1440PE,0.00,0.00,0.00,86.60,0.00,86.60,1472.80,43.75,0,0,0,0.00,0,F1,500,,,,,
