TradDt,BizDt,Sgmt,Src,FinInstrmTp,FinInstrmId,ISIN,TckrSymb,SctySrs,XpryDt,FininstrmActlXpryDt,StrkPric,OptnTp,FinInstrmNm,OpnPric,HghPric,LwPric,ClsPric,LastPric,PrvsClsgPric,UndrlygPric,SttlmPric,OpnIntrst,ChngInOpnIntrst,TtlTradgVol,TtlTrfVal,TtlNbOfTxsExctd,SsnId,NewBrdLotQty,Rmks,Rsvd1,Rsvd2,Rsvd3,Rsvd4
2026-05-20,2026-05-20,FO,NSE,STO,103493,,INDHOTEL,,2026-06-30,2026-06-30,655.00,PE,INDHOTEL26JUN655PE,0.00,0.00,0.00,35.80,0.00,35.80,659.60,26.05,0,0,0,0.00,0,F1,1000,,,,,
2026-05-20,2026-05-20,FO,NSE,STO,126229,,INDHOTEL,,2026-06-30,2026-06-30,670.00,PE,INDHOTEL26JUN670PE,0.00,0.00,0.00,28.60,28.60,28.60,659.60,33.65,10000,0,0,0.00,0,F1,1000,,,,,
2026-05-20,2026-05-20,FO,NSE,STO,103858,,INDHOTEL,,2026-07-28,2026-07-28,760.00,PE,INDHOTEL26JUL760PE,0.00,0.00,0.00,111.60,0.00,111.60,659.60,102.80,0,0,0,0.00,0,F1,1000,,,,,
2026-05-20,2026-05-20,FO,NSE,STO,125865,,INDHOTEL,,2026-05-26,2026-05-26,635.00,PE,INDHOTEL26MAY635PE,5.05,6.25,1.85,2.00,2.00,3.90,659.60,2.00,187000,24000,241,153850650.00,234,F1,1000,,,,,
2026-05-20,2026-05-20,FO,NSE,STO,125847,,INDHOTEL,,2026-05-26,2026-05-26,595.00,PE,INDHOTEL26MAY595PE,0.00,0.00,0.00,1.00,1.00,1.00,659.60,0.10,19000,0,0,0.00,0,F1,1000,,,,,
2026-05-20,2026-05-20,FO,NSE,STO,113502,,INDHOTEL,,2026-05-26,2026-05-26,550.00,PE,INDHOTEL26MAY550PE,0.15,0.15,0.15,0.15,0.15,0.15,659.60,0.00,59000,-1000,1,550150.00,1,F1,1000,,,,,
2026-05-20,2026-05-20,FO,NSE,STO,125833,,INDHOTEL,,2026-05-26,2026-05-26,525.00,PE,INDHOTEL26MAY525PE,0.00,0.00,0.00,0.20,0.20,0.20,659.60,0.00,3000,0,0,0.00,0,F1,1000,,,,,
2026-05-20,2026-05-20,FO,NSE,STO,103738,,INDHOTEL,,2026-07-28,2026-07-28,660.00,CE,INDHOTEL26JUL660CE,0.00,0.00,0.00,46.35,0.00,46.35,659.60,43.45,0,0,0,0.00,0,F1,1000,,,,,
2026-05-20,2026-05-20,FO,NSE,STO,103736,,INDHOTEL,,2026-07-28,2026-07-28,650.00,CE,INDHOTEL26JUL650CE,0.00,0.00,0.00,51.20,0.00,51.20,659.60,48.55,0,0,0,0.00,0,F1,1000,,,,,
2026-05-20,2026-05-20,FO,NSE,STO,126228,,INDHOTEL,,2026-06-30,2026-06-30,670.00,CE,INDHOTEL26JUN670CE,20.80,20.80,20.80,20.80,20.80,15.50,659.60,28.10,3000,1000,1,690800.00,1,F1,1000,,,,,
2026-05-20,2026-05-20,FO,NSE,STO,103492,,INDHOTEL,,2026-06-30,2026-06-30,655.00,CE,INDHOTEL26JUN655CE,0.00,0.00,0.00,20.15,20.15,20.15,659.60,35.35,4000,0,0,0.00,0,F1,1000,,,,,
2026-05-20,2026-05-20,FO,NSE,STO,126125,,INDHOTEL,,2026-06-30,2026-06-30,590.00,CE,INDHOTEL26JUN590CE,0.00,0.00,0.00,35.60,0.00,35.60,659.60,79.70,0,0,0,0.00,0,F1,1000,,,,,
2026-05-20,2026-05-20,FO,NSE,STO,113501,,INDHOTEL,,2026-05-26,2026-05-26,550.00,CE,INDHOTEL26MAY550CE,0.00,0.00,0.00,122.00,122.00,122.00,659.60,110.15,2000,0,0,0.00,0,F1,1000,,,,,
2026-05-20,2026-05-20,FO,NSE,STO,125844,,INDHOTEL,,2026-05-26,2026-05-26,585.00,CE,INDHOTEL26MAY585CE,0.00,0.00,0.00,27.50,0.00,27.50,659.60,75.20,0,0,0,0.00,0,F1,1000,,,,,
2026-05-20,2026-05-20,FO,NSE,STO,125846,,INDHOTEL,,2026-05-26,2026-05-26,595.00,CE,INDHOTEL26MAY595CE,0.00,0.00,0.00,23.45,0.00,23.45,659.60,65.30,0,0,0,0.00,0,F1,1000,,,,,
2026-05-20,2026-05-20,FO,NSE,STO,113681,,INDHOTEL,,2026-05-26,2026-05-26,700.00,CE,INDHOTEL26MAY700CE,0.70,0.90,0.30,0.80,0.80,0.95,659.60,0.80,981000,-49000,471,330008300.00,363,F1,1000,,,,,
2026-05-20,2026-05-20,FO,NSE,STO,103753,,INDHOTEL,,2026-07-28,2026-07-28,720.00,PE,INDHOTEL26JUL720PE,0.00,0.00,0.00,81.45,0.00,81.45,659.60,72.20,0,0,0,0.00,0,F1,1000,,,,,
2026-05-20,2026-05-20,FO,NSE,STO,103495,,INDHOTEL,,2026-06-30,2026-06-30,665.00,PE,INDHOTEL26JUN665PE,25.50,25.50,25.50,25.50,25.50,30.50,659.60,31.00,5000,1000,1,690500.00,1,F1,1000,,,,,
2026-05-20,2026-05-20,FO,NSE,STO,113664,,INDHOTEL,,2026-05-26,2026-05-26,610.00,PE,INDHOTEL26MAY610PE,1.00,1.45,0.50,0.55,0.55,0.95,659.60,0.55,80000,-16000,63,38484300.00,43,F1,1000,,,,,
2026-05-20,2026-05-20,FO,NSE,STO,103757,,INDHOTEL,,2026-07-28,2026-07-28,730.00,PE,INDHOTEL26JUL730PE,0.00,0.00,0.00,88.60,0.00,88.60,659.60,79.45,0,0,0,0.00,0,F1,1000,,,,,
2026-05-20,2026-05-20,FO,NSE,STO,103735,,INDHOTEL,,2026-07-28,2026-07-28,640.00,PE,INDHOTEL26JUL640PE,0.00,0.00,0.00,34.70,34.70,34.70,659.60,26.80,1000,0,0,0.00,0,F1,1000,,,,,
2026-05-20,2026-05-20,FO,NSE,STO,103720,,INDHOTEL,,2026-07-28,2026-07-28,600.00,PE,INDHOTEL26JUL600PE,0.00,0.00,0.00,19.45,0.00,19.45,659.60,13.40,0,0,0,0.00,0,F1,1000,,,,,
2026-05-20,2026-05-20,FO,NSE,STO,103688,,INDHOTEL,,2026-07-28,2026-07-28,580.00,PE,INDHOTEL26JUL580PE,0.00,0.00,0.00,13.85,0.00,13.85,659.60,8.85,0,0,0,0.00,0,F1,1000,,,,,
2026-05-20,2026-05-20,FO,NSE,STO,126241,,INDHOTEL,,2026-06-30,2026-06-30,730.00,PE,INDHOTEL26JUN730PE,71.25,71.25,69.60,69.60,69.60,76.50,659.60,74.70,27000,9000,9,7205550.00,5,F1,1000,,,,,
2026-05-20,2026-05-20,FO,NSE,STO,126237,,INDHOTEL,,2026-06-30,2026-06-30,710.00,PE,INDHOTEL26JUN710PE,0.00,0.00,0.00,62.00,62.00,62.00,659.60,59.35,1000,0,0,0.00,0,F1,1000,,,,,
2026-05-20,2026-05-20,FO,NSE,STO,103511,,INDHOTEL,,2026-06-30,2026-06-30,685.00,PE,INDHOTEL26JUN685PE,0.00,0.00,0.00,52.80,0.00,52.80,659.60,42.45,0,0,0,0.00,0,F1,1000,,,,,
2026-05-20,2026-05-20,FO,NSE,STO,103505,,INDHOTEL,,2026-06-30,2026-06-30,675.00,PE,INDHOTEL26JUN675PE,39.00,39.00,39.00,39.00,39.00,43.65,659.60,36.45,2000,1000,1,714000.00,1,F1,1000,,,,,
2026-05-20,2026-05-20,FO,NSE,STO,126209,,INDHOTEL,,2026-06-30,2026-06-30,620.00,PE,INDHOTEL26JUN620PE,11.20,11.20,8.25,8.25,8.25,10.00,659.60,12.65,9000,5000,8,5035650.00,8,F1,1000,,,,,
2026-05-20,2026-05-20,FO,NSE,STO,103465,,INDHOTEL,,2026-06-30,2026-06-30,585.00,PE,INDHOTEL26JUN585PE,0.00,0.00,0.00,10.40,0.00,10.40,659.60,5.05,0,0,0,0.00,0,F1,1000,,,,,
2026-05-20,2026-05-20,FO,NSE,STO,113666,,INDHOTEL,,2026-05-26,2026-05-26,620.00,PE,INDHOTEL26MAY620PE,2.95,3.00,0.75,0.75,0.75,1.65,659.60,0.75,238000,-2000,180,111886100.00,147,F1,1000,,,,,
2026-05-20,2026-05-20,FO,NSE,STO,113603,,INDHOTEL,,2026-05-26,2026-05-26,590.00,PE,INDHOTEL26MAY590PE,0.30,0.30,0.25,0.30,0.25,0.45,659.60,0.30,60000,-1000,7,4132000.00,5,F1,1000,,,,,
2026-05-20,2026-05-20,FO,NSE,STO,113601,,INDHOTEL,,2026-05-26,2026-05-26,580.00,PE,INDHOTEL26MAY580PE,0.45,0.45,0.20,0.20,0.20,0.30,659.60,0.05,98000,-3000,3,1741100.00,3,F1,1000,,,,,
2026-05-20,2026-05-20,FO,NSE,STO,113515,,INDHOTEL,,2026-05-26,2026-05-26,560.00,PE,INDHOTEL26MAY560PE,0.00,0.00,0.00,0.20,0.20,0.20,659.60,0.00,84000,0,0,0.00,0,F1,1000,,,,,
2026-05-20,2026-05-20,FO,NSE,STO,113429,,INDHOTEL,,2026-05-26,2026-05-26,500.00,PE,INDHOTEL26MAY500PE,0.00,0.00,0.00,0.20,0.20,0.20,659.60,0.00,21000,0,0,0.00,0,F1,1000,,,,,
2026-05-20,2026-05-20,FO,NSE,STO,126236,,INDHOTEL,,2026-06-30,2026-06-30,710.00,CE,INDHOTEL26JUN710CE,0.00,0.00,0.00,6.75,0.00,6.75,659.60,14.10,0,0,0,0.00,0,F1,1000,,,,,
2026-05-20,2026-05-20,FO,NSE,STO,103504,,INDHOTEL,,2026-06-30,2026-06-30,675.00,CE,INDHOTEL26JUN675CE,0.00,0.00,0.00,30.90,0.00,30.90,659.60,25.90,0,0,0,0.00,0,F1,1000,,,,,
2026-05-20,2026-05-20,FO,NSE,STO,103474,,INDHOTEL,,2026-06-30,2026-06-30,605.00,CE,INDHOTEL26JUN605CE,0.00,0.00,0.00,69.10,0.00,69.10,659.60,67.75,0,0,0,0.00,0,F1,1000,,,,,
2026-05-20,2026-05-20,FO,NSE,STO,113667,,INDHOTEL,,2026-05-26,2026-05-26,630.00,CE,INDHOTEL26MAY630CE,28.70,34.00,28.70,33.10,33.10,26.50,659.60,33.10,276000,-7000,13,8595400.00,12,F1,1000,,,,,
2026-05-20,2026-05-20,FO,NSE,STO,113663,,INDHOTEL,,2026-05-26,2026-05-26,610.00,CE,INDHOTEL26MAY610CE,0.00,0.00,0.00,45.00,45.00,45.00,659.60,50.65,16000,0,0,0.00,0,F1,1000,,,,,
2026-05-20,2026-05-20,FO,NSE,STO,113600,,INDHOTEL,,2026-05-26,2026-05-26,580.00,CE,INDHOTEL26MAY580CE,0.00,0.00,0.00,64.15,64.15,64.15,659.60,80.20,3000,0,0,0.00,0,F1,1000,,,,,
2026-05-20,2026-05-20,FO,NSE,STO,125842,,INDHOTEL,,2026-05-26,2026-05-26,575.00,CE,INDHOTEL26MAY575CE,0.00,0.00,0.00,32.05,0.00,32.05,659.60,85.20,0,0,0,0.00,0,F1,1000,,,,,
2026-05-20,2026-05-20,FO,NSE,STO,113594,,INDHOTEL,,2026-05-26,2026-05-26,570.00,CE,INDHOTEL26MAY570CE,0.00,0.00,0.00,121.80,0.00,121.80,659.60,90.20,0,0,0,0.00,0,F1,1000,,,,,
2026-05-20,2026-05-20,FO,NSE,STO,103512,,INDHOTEL,,2026-06-30,2026-06-30,695.00,CE,INDHOTEL26JUN695CE,0.00,0.00,0.00,11.00,11.00,11.00,659.60,18.50,1000,0,0,0.00,0,F1,1000,,,,,
2026-05-20,2026-05-20,FO,NSE,STO,103490,,INDHOTEL,,2026-06-30,2026-06-30,645.00,CE,INDHOTEL26JUN645CE,0.00,0.00,0.00,44.80,0.00,44.80,659.60,40.80,0,0,0,0.00,0,F1,1000,,,,,
2026-05-20,2026-05-20,FO,NSE,STO,126222,,INDHOTEL,,2026-06-30,2026-06-30,640.00,CE,INDHOTEL26JUN640CE,0.00,0.00,0.00,27.00,27.00,27.00,659.60,43.75,1000,0,0,0.00,0,F1,1000,,,,,
2026-05-20,2026-05-20,FO,NSE,STO,125997,,INDHOTEL,,2026-06-30,2026-06-30,570.00,CE,INDHOTEL26JUN570CE,0.00,0.00,0.00,44.85,0.00,44.85,659.60,96.85,0,0,0,0.00,0,F1,1000,,,,,
2026-05-20,2026-05-20,FO,NSE,STF,66197,,INDHOTEL,,2026-05-26,2026-05-26,,,INDHOTEL26MAYFUT,648.70,663.55,642.90,661.25,660.30,654.10,659.60,661.25,20975000,-1018000,3603,2346263650.00,2380,F1,1000,,,,,
2026-05-20,2026-05-20,FO,NSE,STO,113659,,INDHOTEL,,2026-05-26,2026-05-26,600.00,CE,INDHOTEL26MAY600CE,0.00,0.00,0.00,59.25,59.25,59.25,659.60,60.35,110000,0,0,0.00,0,F1,1000,,,,,
2026-05-20,2026-05-20,FO,NSE,STO,113669,,INDHOTEL,,2026-05-26,2026-05-26,640.00,CE,INDHOTEL26MAY640CE,13.00,25.15,11.95,24.10,23.90,18.95,659.60,24.10,402000,22000,274,180024350.00,251,F1,1000,,,,,
2026-05-20,2026-05-20,FO,NSE,STO,113675,,INDHOTEL,,2026-05-26,2026-05-26,670.00,CE,INDHOTEL26MAY670CE,2.60,6.65,2.30,5.90,5.60,4.60,659.60,5.90,388000,-11000,693,467397850.00,648,F1,1000,,,,,
2026-05-20,2026-05-20,FO,NSE,STO,125991,,INDHOTEL,,2026-06-30,2026-06-30,540.00,CE,INDHOTEL26JUN540CE,0.00,0.00,0.00,61.70,0.00,61.70,659.60,124.55,0,0,0,0.00,0,F1,1000,,,,,
2026-05-20,2026-05-20,FO,NSE,STO,125995,,INDHOTEL,,2026-06-30,2026-06-30,560.00,CE,INDHOTEL26JUN560CE,0.00,0.00,0.00,50.05,0.00,50.05,659.60,105.90,0,0,0,0.00,0,F1,1000,,,,,
2026-05-20,2026-05-20,FO,NSE,STO,126020,,INDHOTEL,,2026-06-30,2026-06-30,580.00,PE,INDHOTEL26JUN580PE,0.00,0.00,0.00,38.70,0.00,38.70,659.60,4.35,0,0,0,0.00,0,F1,1000,,,,,
2026-05-20,2026-05-20,FO,NSE,STO,125849,,INDHOTEL,,2026-05-26,2026-05-26,605.00,PE,INDHOTEL26MAY605PE,0.00,0.00,0.00,47.20,0.00,47.20,659.60,0.30,0,0,0,0.00,0,F1,1000,,,,,
2026-05-20,2026-05-20,FO,NSE,STO,125841,,INDHOTEL,,2026-05-26,2026-05-26,565.00,PE,INDHOTEL26MAY565PE,0.00,0.00,0.00,1.10,1.10,1.10,659.60,0.00,57000,0,0,0.00,0,F1,1000,,,,,
2026-05-20,2026-05-20,FO,NSE,STO,113447,,INDHOTEL,,2026-05-26,2026-05-26,540.00,PE,INDHOTEL26MAY540PE,0.00,0.00,0.00,0.10,0.10,0.10,659.60,0.00,25000,0,0,0.00,0,F1,1000,,,,,
2026-05-20,2026-05-20,FO,NSE,STO,125835,,INDHOTEL,,2026-05-26,2026-05-26,535.00,PE,INDHOTEL26MAY535PE,0.00,0.00,0.00,0.65,0.65,0.65,659.60,0.00,14000,0,0,0.00,0,F1,1000,,,,,
2026-05-20,2026-05-20,FO,NSE,STO,103685,,INDHOTEL,,2026-07-28,2026-07-28,570.00,CE,INDHOTEL26JUL570CE,0.00,0.00,0.00,102.15,0.00,102.15,659.60,103.55,0,0,0,0.00,0,F1,1000,,,,,
2026-05-20,2026-05-20,FO,NSE,STO,103487,,INDHOTEL,,2026-06-30,2026-06-30,625.00,PE,INDHOTEL26JUN625PE,0.00,0.00,0.00,22.45,0.00,22.45,659.60,14.20,0,0,0,0.00,0,F1,1000,,,,,
2026-05-20,2026-05-20,FO,NSE,STO,126227,,INDHOTEL,,2026-06-30,2026-06-30,660.00,PE,INDHOTEL26JUN660PE,22.95,22.95,21.25,21.85,22.00,24.70,659.60,21.85,33000,12000,16,10910950.00,10,F1,1000,,,,,
2026-05-20,2026-05-20,FO,NSE,STO,103862,,INDHOTEL,,2026-07-28,2026-07-28,780.00,PE,INDHOTEL26JUL780PE,0.00,0.00,0.00,127.95,0.00,127.95,659.60,119.50,0,0,0,0.00,0,F1,1000,,,,,
2026-05-20,2026-05-20,FO,NSE,STO,103520,,INDHOTEL,,2026-06-30,2026-06-30,735.00,CE,INDHOTEL26JUN735CE,0.00,0.00,0.00,13.15,0.00,13.15,659.60,8.65,0,0,0,0.00,0,F1,1000,,,,,
2026-05-20,2026-05-20,FO,NSE,STO,126224,,INDHOTEL,,2026-06-30,2026-06-30,650.00,CE,INDHOTEL26JUN650CE,22.80,31.00,21.30,30.70,31.00,26.80,659.60,30.70,113000,25000,87,58810100.00,84,F1,1000,,,,,
2026-05-20,2026-05-20,FO,NSE,STO,103679,,INDHOTEL,,2026-07-28,2026-07-28,540.00,CE,INDHOTEL26JUL540CE,0.00,0.00,0.00,126.45,0.00,126.45,659.60,129.40,0,0,0,0.00,0,F1,1000,,,,,
2026-05-20,2026-05-20,FO,NSE,STO,103514,,INDHOTEL,,2026-06-30,2026-06-30,705.00,CE,INDHOTEL26JUN705CE,0.00,0.00,0.00,20.55,0.00,20.55,659.60,15.45,0,0,0,0.00,0,F1,1000,,,,,
2026-05-20,2026-05-20,FO,NSE,STO,126232,,INDHOTEL,,2026-06-30,2026-06-30,690.00,CE,INDHOTEL26JUN690CE,6.80,12.90,6.80,12.80,12.80,9.15,659.60,12.80,5000,4000,6,4198150.00,6,F1,1000,,,,,
2026-05-20,2026-05-20,FO,NSE,STO,103488,,INDHOTEL,,2026-06-30,2026-06-30,635.00,CE,INDHOTEL26JUN635CE,0.00,0.00,0.00,35.50,35.50,35.50,659.60,46.80,2000,0,0,0.00,0,F1,1000,,,,,
2026-05-20,2026-05-20,FO,NSE,STO,103448,,INDHOTEL,,2026-06-30,2026-06-30,585.00,CE,INDHOTEL26JUN585CE,0.00,0.00,0.00,83.70,0.00,83.70,659.60,83.85,0,0,0,0.00,0,F1,1000,,,,,
2026-05-20,2026-05-20,FO,NSE,STO,125881,,INDHOTEL,,2026-05-26,2026-05-26,695.00,CE,INDHOTEL26MAY695CE,0.00,0.00,0.00,1.50,1.50,1.50,659.60,1.90,153000,0,0,0.00,0,F1,1000,,,,,
2026-05-20,2026-05-20,FO,NSE,STO,113679,,INDHOTEL,,2026-05-26,2026-05-26,690.00,CE,INDHOTEL26MAY690CE,0.85,1.90,0.75,1.55,1.50,1.50,659.60,1.55,186000,12000,256,176981300.00,226,F1,1000,,,,,
2026-05-20,2026-05-20,FO,NSE,STO,113671,,INDHOTEL,,2026-05-26,2026-05-26,650.00,CE,INDHOTEL26MAY650CE,10.50,17.60,7.20,16.25,15.75,12.70,659.60,16.25,523000,7000,862,568964200.00,689,F1,1000,,,,,
2026-05-20,2026-05-20,FO,NSE,STO,113602,,INDHOTEL,,2026-05-26,2026-05-26,590.00,CE,INDHOTEL26MAY590CE,0.00,0.00,0.00,63.00,63.00,63.00,659.60,70.25,1000,0,0,0.00,0,F1,1000,,,,,
2026-05-20,2026-05-20,FO,NSE,STO,103749,,INDHOTEL,,2026-07-28,2026-07-28,710.00,PE,INDHOTEL26JUL710PE,0.00,0.00,0.00,74.50,0.00,74.50,659.60,65.30,0,0,0,0.00,0,F1,1000,,,,,
2026-05-20,2026-05-20,FO,NSE,STO,103745,,INDHOTEL,,2026-07-28,2026-07-28,690.00,PE,INDHOTEL26JUL690PE,0.00,0.00,0.00,61.55,0.00,61.55,659.60,52.40,0,0,0,0.00,0,F1,1000,,,,,
2026-05-20,2026-05-20,FO,NSE,STO,126239,,INDHOTEL,,2026-06-30,2026-06-30,720.00,PE,INDHOTEL26JUN720PE,0.00,0.00,0.00,141.90,0.00,141.90,659.60,66.90,0,0,0,0.00,0,F1,1000,,,,,
2026-05-20,2026-05-20,FO,NSE,STO,126247,,INDHOTEL,,2026-06-30,2026-06-30,760.00,PE,INDHOTEL26JUN760PE,99.00,100.40,99.00,100.35,100.35,96.50,659.60,100.05,5000,4000,4,3438750.00,3,F1,1000,,,,,
2026-05-20,2026-05-20,FO,NSE,STO,103513,,INDHOTEL,,2026-06-30,2026-06-30,695.00,PE,INDHOTEL26JUN695PE,0.00,0.00,0.00,59.25,0.00,59.25,659.60,48.90,0,0,0,0.00,0,F1,1000,,,,,
2026-05-20,2026-05-20,FO,NSE,STO,113680,,INDHOTEL,,2026-05-26,2026-05-26,690.00,PE,INDHOTEL26MAY690PE,0.00,0.00,0.00,39.85,40.15,39.85,659.60,32.30,93000,0,0,0.00,0,F1,1000,,,,,
2026-05-20,2026-05-20,FO,NSE,STO,125878,,INDHOTEL,,2026-05-26,2026-05-26,675.00,PE,INDHOTEL26MAY675PE,31.00,31.45,19.05,19.45,19.45,24.35,659.60,20.70,97000,3000,31,21696550.00,31,F1,1000,,,,,
2026-05-20,2026-05-20,FO,NSE,STO,113668,,INDHOTEL,,2026-05-26,2026-05-26,630.00,PE,INDHOTEL26MAY630PE,5.05,5.25,1.35,1.45,1.50,2.80,659.60,1.45,400000,15000,247,156273900.00,219,F1,1000,,,,,
2026-05-20,2026-05-20,FO,NSE,STO,113443,,INDHOTEL,,2026-05-26,2026-05-26,520.00,PE,INDHOTEL26MAY520PE,0.00,0.00,0.00,0.40,0.40,0.40,659.60,0.00,9000,0,0,0.00,0,F1,1000,,,,,
2026-05-20,2026-05-20,FO,NSE,STO,103756,,INDHOTEL,,2026-07-28,2026-07-28,730.00,CE,INDHOTEL26JUL730CE,0.00,0.00,0.00,21.55,0.00,21.55,659.60,17.90,0,0,0,0.00,0,F1,1000,,,,,
2026-05-20,2026-05-20,FO,NSE,STO,103725,,INDHOTEL,,2026-07-28,2026-07-28,610.00,CE,INDHOTEL26JUL610CE,0.00,0.00,0.00,73.95,0.00,73.95,659.60,73.15,0,0,0,0.00,0,F1,1000,,,,,
2026-05-20,2026-05-20,FO,NSE,STO,103689,,INDHOTEL,,2026-07-28,2026-07-28,590.00,CE,INDHOTEL26JUL590CE,0.00,0.00,0.00,87.45,0.00,87.45,659.60,87.65,0,0,0,0.00,0,F1,1000,,,,,
2026-05-20,2026-05-20,FO,NSE,STO,125873,,INDHOTEL,,2026-05-26,2026-05-26,655.00,CE,INDHOTEL26MAY655CE,6.05,13.90,5.50,12.95,12.70,10.05,659.60,12.95,125000,-25000,533,354227550.00,430,F1,1000,,,,,
2026-05-20,2026-05-20,FO,NSE,STO,125885,,INDHOTEL,,2026-05-26,2026-05-26,715.00,CE,INDHOTEL26MAY715CE,0.00,0.00,0.00,0.50,0.50,0.50,659.60,0.45,189000,0,0,0.00,0,F1,1000,,,,,
2026-05-20,2026-05-20,FO,NSE,STO,103466,,INDHOTEL,,2026-06-30,2026-06-30,595.00,CE,INDHOTEL26JUN595CE,0.00,0.00,0.00,76.25,0.00,76.25,659.60,75.60,0,0,0,0.00,0,F1,1000,,,,,
2026-05-20,2026-05-20,FO,NSE,STO,126226,,INDHOTEL,,2026-06-30,2026-06-30,660.00,CE,INDHOTEL26JUN660CE,17.00,25.55,17.00,24.90,25.05,22.40,659.60,24.90,25000,12000,64,43797850.00,56,F1,1000,,,,,
2026-05-20,2026-05-20,FO,NSE,STO,103510,,INDHOTEL,,2026-06-30,2026-06-30,685.00,CE,INDHOTEL26JUN685CE,0.00,0.00,0.00,27.10,0.00,27.10,659.60,21.95,0,0,0,0.00,0,F1,1000,,,,,
2026-05-20,2026-05-20,FO,NSE,STO,103861,,INDHOTEL,,2026-07-28,2026-07-28,780.00,CE,INDHOTEL26JUL780CE,0.00,0.00,0.00,11.60,0.00,11.60,659.60,8.50,0,0,0,0.00,0,F1,1000,,,,,
2026-05-20,2026-05-20,FO,NSE,STO,125843,,INDHOTEL,,2026-05-26,2026-05-26,575.00,PE,INDHOTEL26MAY575PE,0.00,0.00,0.00,1.45,1.45,1.45,659.60,0.05,27000,0,0,0.00,0,F1,1000,,,,,
2026-05-20,2026-05-20,FO,NSE,STO,125880,,INDHOTEL,,2026-05-26,2026-05-26,685.00,PE,INDHOTEL26MAY685PE,27.70,27.70,25.10,26.00,26.20,43.75,659.60,26.00,24000,-2000,9,6403400.00,9,F1,1000,,,,,
2026-05-20,2026-05-20,FO,NSE,STO,125882,,INDHOTEL,,2026-05-26,2026-05-26,695.00,PE,INDHOTEL26MAY695PE,0.00,0.00,0.00,119.75,0.00,119.75,659.60,36.60,0,0,0,0.00,0,F1,1000,,,,,
2026-05-20,2026-05-20,FO,NSE,STO,113690,,INDHOTEL,,2026-05-26,2026-05-26,740.00,PE,INDHOTEL26MAY740PE,95.20,95.80,78.75,78.75,78.75,80.95,659.60,79.75,137000,-12000,18,14910000.00,15,F1,1000,,,,,
2026-05-20,2026-05-20,FO,NSE,STO,125992,,INDHOTEL,,2026-06-30,2026-06-30,540.00,PE,INDHOTEL26JUN540PE,3.90,3.90,1.20,1.20,1.20,3.95,659.60,1.05,6000,5000,9,4877950.00,9,F1,1000,,,,,
2026-05-20,2026-05-20,FO,NSE,STO,125996,,INDHOTEL,,2026-06-30,2026-06-30,560.00,PE,INDHOTEL26JUN560PE,0.00,0.00,0.00,29.10,0.00,29.10,659.60,2.25,0,0,0,0.00,0,F1,1000,,,,,
2026-05-20,2026-05-20,FO,NSE,STO,103519,,INDHOTEL,,2026-06-30,2026-06-30,725.00,PE,INDHOTEL26JUN725PE,0.00,0.00,0.00,80.65,0.00,80.65,659.60,70.75,0,0,0,0.00,0,F1,1000,,,,,
2026-05-20,2026-05-20,FO,NSE,STO,103433,,INDHOTEL,,2026-06-30,2026-06-30,575.00,PE,INDHOTEL26JUN575PE,0.00,0.00,0.00,8.35,0.00,8.35,659.60,3.70,0,0,0,0.00,0,F1,1000,,,,,
2026-05-20,2026-05-20,FO,NSE,STO,113446,,INDHOTEL,,2026-05-26,2026-05-26,540.00,CE,INDHOTEL26MAY540CE,0.00,0.00,0.00,148.05,0.00,148.05,659.60,120.15,0,0,0,0.00,0,F1,1000,,,,,
2026-05-20,2026-05-20,FO,NSE,STO,103484,,INDHOTEL,,2026-06-30,2026-06-30,615.00,CE,INDHOTEL26JUN615CE,0.00,0.00,0.00,62.40,0.00,62.40,659.60,60.30,0,0,0,0.00,0,F1,1000,,,,,
2026-05-20,2026-05-20,FO,NSE,STO,103747,,INDHOTEL,,2026-07-28,2026-07-28,700.00,PE,INDHOTEL26JUL700PE,0.00,0.00,0.00,67.90,0.00,67.90,659.60,58.70,0,0,0,0.00,0,F1,1000,,,,,
2026-05-20,2026-05-20,FO,NSE,STO,103733,,INDHOTEL,,2026-07-28,2026-07-28,630.00,PE,INDHOTEL26JUL630PE,0.00,0.00,0.00,30.40,0.00,30.40,659.60,22.85,0,0,0,0.00,0,F1,1000,,,,,
2026-05-20,2026-05-20,FO,NSE,STO,103515,,INDHOTEL,,2026-06-30,2026-06-30,705.00,PE,INDHOTEL26JUN705PE,0.00,0.00,0.00,66.05,0.00,66.05,659.60,55.80,0,0,0,0.00,0,F1,1000,,,,,
2026-05-20,2026-05-20,FO,NSE,STO,126233,,INDHOTEL,,2026-06-30,2026-06-30,690.00,PE,INDHOTEL26JUN690PE,0.00,0.00,0.00,53.00,53.00,53.00,659.60,45.60,5000,0,0,0.00,0,F1,1000,,,,,
2026-05-20,2026-05-20,FO,NSE,STO,126207,,INDHOTEL,,2026-06-30,2026-06-30,610.00,PE,INDHOTEL26JUN610PE,0.00,0.00,0.00,55.95,0.00,55.95,659.60,10.00,0,0,0,0.00,0,F1,1000,,,,,
2026-05-20,2026-05-20,FO,NSE,STO,113678,,INDHOTEL,,2026-05-26,2026-05-26,680.00,PE,INDHOTEL26MAY680PE,31.00,31.00,20.95,21.90,22.00,28.80,659.60,21.90,250000,-25000,48,33787400.00,42,F1,1000,,,,,
2026-05-20,2026-05-20,FO,NSE,STO,113676,,INDHOTEL,,2026-05-26,2026-05-26,670.00,PE,INDHOTEL26MAY670PE,28.15,28.55,13.80,14.40,14.40,20.70,659.60,14.40,156000,-13000,75,51782050.00,65,F1,1000,,,,,
2026-05-20,2026-05-20,FO,NSE,STO,113674,,INDHOTEL,,2026-05-26,2026-05-26,660.00,PE,INDHOTEL26MAY660PE,19.90,20.15,8.25,8.95,9.05,13.60,659.60,8.95,443000,23000,286,191934850.00,235,F1,1000,,,,,
2026-05-20,2026-05-20,FO,NSE,STO,103758,,INDHOTEL,,2026-07-28,2026-07-28,740.00,CE,INDHOTEL26JUL740CE,0.00,0.00,0.00,19.15,0.00,19.15,659.60,15.55,0,0,0,0.00,0,F1,1000,,,,,
2026-05-20,2026-05-20,FO,NSE,STO,103734,,INDHOTEL,,2026-07-28,2026-07-28,640.00,CE,INDHOTEL26JUL640CE,0.00,0.00,0.00,56.35,0.00,56.35,659.60,54.10,0,0,0,0.00,0,F1,1000,,,,,
2026-05-20,2026-05-20,FO,NSE,STO,103687,,INDHOTEL,,2026-07-28,2026-07-28,580.00,CE,INDHOTEL26JUL580CE,0.00,0.00,0.00,94.65,0.00,94.65,659.60,95.45,0,0,0,0.00,0,F1,1000,,,,,
2026-05-20,2026-05-20,FO,NSE,STO,126246,,INDHOTEL,,2026-06-30,2026-06-30,760.00,CE,INDHOTEL26JUN760CE,0.00,0.00,0.00,2.25,2.25,2.25,659.60,5.10,9000,0,0,0.00,0,F1,1000,,,,,
2026-05-20,2026-05-20,FO,NSE,STO,126217,,INDHOTEL,,2026-06-30,2026-06-30,630.00,CE,INDHOTEL26JUN630CE,33.70,40.00,33.70,40.00,40.00,27.00,659.60,50.00,10000,9000,9,5996850.00,6,F1,1000,,,,,
2026-05-20,2026-05-20,FO,NSE,STO,126208,,INDHOTEL,,2026-06-30,2026-06-30,620.00,CE,INDHOTEL26JUN620CE,0.00,0.00,0.00,45.00,45.00,45.00,659.60,56.75,4000,0,0,0.00,0,F1,1000,,,,,
2026-05-20,2026-05-20,FO,NSE,STO,126206,,INDHOTEL,,2026-06-30,2026-06-30,610.00,CE,INDHOTEL26JUN610CE,0.00,0.00,0.00,27.85,0.00,27.85,659.60,63.95,0,0,0,0.00,0,F1,1000,,,,,
2026-05-20,2026-05-20,FO,NSE,STO,103732,,INDHOTEL,,2026-07-28,2026-07-28,630.00,CE,INDHOTEL26JUL630CE,0.00,0.00,0.00,61.90,0.00,61.90,659.60,60.05,0,0,0,0.00,0,F1,1000,,,,,
2026-05-20,2026-05-20,FO,NSE,STO,103680,,INDHOTEL,,2026-07-28,2026-07-28,540.00,PE,INDHOTEL26JUL540PE,0.00,0.00,0.00,6.25,0.00,6.25,659.60,3.30,0,0,0,0.00,0,F1,1000,,,,,
2026-05-20,2026-05-20,FO,NSE,STO,103489,,INDHOTEL,,2026-06-30,2026-06-30,635.00,PE,INDHOTEL26JUN635PE,0.00,0.00,0.00,26.45,0.00,26.45,659.60,17.65,0,0,0,0.00,0,F1,1000,,,,,
2026-05-20,2026-05-20,FO,NSE,STO,103742,,INDHOTEL,,2026-07-28,2026-07-28,680.00,CE,INDHOTEL26JUL680CE,0.00,0.00,0.00,37.75,0.00,37.75,659.60,34.30,0,0,0,0.00,0,F1,1000,,,,,
2026-05-20,2026-05-20,FO,NSE,STO,113660,,INDHOTEL,,2026-05-26,2026-05-26,600.00,PE,INDHOTEL26MAY600PE,1.00,1.10,0.35,0.40,0.40,0.60,659.60,0.40,294000,-32000,153,91891200.00,108,F1,1000,,,,,
2026-05-20,2026-05-20,FO,NSE,STO,125874,,INDHOTEL,,2026-05-26,2026-05-26,655.00,PE,INDHOTEL26MAY655PE,16.20,16.65,6.50,6.90,7.25,11.00,659.60,6.90,226000,7000,208,138311200.00,193,F1,1000,,,,,
2026-05-20,2026-05-20,FO,NSE,STO,126126,,INDHOTEL,,2026-06-30,2026-06-30,590.00,PE,INDHOTEL26JUN590PE,0.00,0.00,0.00,44.10,0.00,44.10,659.60,5.85,0,0,0,0.00,0,F1,1000,,,,,
2026-05-20,2026-05-20,FO,NSE,STO,113503,,INDHOTEL,,2026-05-26,2026-05-26,560.00,CE,INDHOTEL26MAY560CE,0.00,0.00,0.00,130.35,0.00,130.35,659.60,100.15,0,0,0,0.00,0,F1,1000,,,,,
2026-05-20,2026-05-20,FO,NSE,STO,125850,,INDHOTEL,,2026-05-26,2026-05-26,615.00,CE,INDHOTEL26MAY615CE,0.00,0.00,0.00,16.70,0.00,16.70,659.60,45.90,0,0,0,0.00,0,F1,1000,,,,,
2026-05-20,2026-05-20,FO,NSE,STO,125871,,INDHOTEL,,2026-05-26,2026-05-26,645.00,CE,INDHOTEL26MAY645CE,10.00,20.50,9.50,19.75,19.30,15.60,659.60,19.75,158000,0,240,157972350.00,224,F1,1000,,,,,
2026-05-20,2026-05-20,FO,NSE,STO,113673,,INDHOTEL,,2026-05-26,2026-05-26,660.00,CE,INDHOTEL26MAY660CE,5.00,11.35,4.10,10.15,9.65,7.90,659.60,10.15,531000,-19000,1886,1258981450.00,1459,F1,1000,,,,,
2026-05-20,2026-05-20,FO,NSE,STO,125875,,INDHOTEL,,2026-05-26,2026-05-26,665.00,CE,INDHOTEL26MAY665CE,3.25,8.90,3.00,7.85,7.35,6.05,659.60,7.85,166000,-2000,311,208678800.00,277,F1,1000,,,,,
2026-05-20,2026-05-20,FO,NSE,STO,125883,,INDHOTEL,,2026-05-26,2026-05-26,705.00,CE,INDHOTEL26MAY705CE,0.00,0.00,0.00,0.70,0.70,0.70,659.60,0.95,35000,0,0,0.00,0,F1,1000,,,,,
2026-05-20,2026-05-20,FO,NSE,STO,125889,,INDHOTEL,,2026-05-26,2026-05-26,735.00,CE,INDHOTEL26MAY735CE,0.00,0.00,0.00,0.30,0.30,0.30,659.60,0.10,20000,0,0,0.00,0,F1,1000,,,,,
2026-05-20,2026-05-20,FO,NSE,STO,125999,,INDHOTEL,,2026-06-30,2026-06-30,580.00,CE,INDHOTEL26JUN580CE,0.00,0.00,0.00,40.05,0.00,40.05,659.60,88.10,0,0,0,0.00,0,F1,1000,,,,,
2026-05-20,2026-05-20,FO,NSE,STO,103729,,INDHOTEL,,2026-07-28,2026-07-28,620.00,CE,INDHOTEL26JUL620CE,0.00,0.00,0.00,67.75,0.00,67.75,659.60,66.40,0,0,0,0.00,0,F1,1000,,,,,
2026-05-20,2026-05-20,FO,NSE,STO,103744,,INDHOTEL,,2026-07-28,2026-07-28,690.00,CE,INDHOTEL26JUL690CE,0.00,0.00,0.00,33.90,0.00,33.90,659.60,30.35,0,0,0,0.00,0,F1,1000,,,,,
2026-05-20,2026-05-20,FO,NSE,STO,103748,,INDHOTEL,,2026-07-28,2026-07-28,710.00,CE,INDHOTEL26JUL710CE,0.00,0.00,0.00,27.15,0.00,27.15,659.60,23.45,0,0,0,0.00,0,F1,1000,,,,,
2026-05-20,2026-05-20,FO,NSE,STO,125851,,INDHOTEL,,2026-05-26,2026-05-26,615.00,PE,INDHOTEL26MAY615PE,2.50,2.50,0.60,0.70,0.65,1.25,659.60,0.70,99000,-11000,87,53599750.00,60,F1,1000,,,,,
2026-05-20,2026-05-20,FO,NSE,STO,125876,,INDHOTEL,,2026-05-26,2026-05-26,665.00,PE,INDHOTEL26MAY665PE,12.40,12.40,10.70,12.20,12.20,17.05,659.60,12.20,191000,-1000,6,4060650.00,6,F1,1000,,,,,
2026-05-20,2026-05-20,FO,NSE,STO,113684,,INDHOTEL,,2026-05-26,2026-05-26,710.00,PE,INDHOTEL26MAY710PE,0.00,0.00,0.00,59.10,59.10,59.10,659.60,50.40,15000,0,0,0.00,0,F1,1000,,,,,
2026-05-20,2026-05-20,FO,NSE,STO,113694,,INDHOTEL,,2026-05-26,2026-05-26,760.00,PE,INDHOTEL26MAY760PE,0.00,0.00,0.00,102.80,102.80,102.80,659.60,99.70,319000,0,0,0.00,0,F1,1000,,,,,
2026-05-20,2026-05-20,FO,NSE,STO,126218,,INDHOTEL,,2026-06-30,2026-06-30,630.00,PE,INDHOTEL26JUN630PE,11.00,11.00,10.50,10.85,10.50,20.50,659.60,10.85,5000,2000,3,1922500.00,3,F1,1000,,,,,
2026-05-20,2026-05-20,FO,NSE,STO,126231,,INDHOTEL,,2026-06-30,2026-06-30,680.00,PE,INDHOTEL26JUN680PE,35.00,35.00,31.65,32.00,31.65,31.05,659.60,32.00,35000,13000,19,13541700.00,11,F1,1000,,,,,
2026-05-20,2026-05-20,FO,NSE,STO,103517,,INDHOTEL,,2026-06-30,2026-06-30,715.00,PE,INDHOTEL26JUN715PE,0.00,0.00,0.00,73.20,0.00,73.20,659.60,63.10,0,0,0,0.00,0,F1,1000,,,,,
2026-05-20,2026-05-20,FO,NSE,STO,103521,,INDHOTEL,,2026-06-30,2026-06-30,735.00,PE,INDHOTEL26JUN735PE,0.00,0.00,0.00,88.40,0.00,88.40,659.60,78.75,0,0,0,0.00,0,F1,1000,,,,,
2026-05-20,2026-05-20,FO,NSE,STO,126244,,INDHOTEL,,2026-06-30,2026-06-30,750.00,CE,INDHOTEL26JUN750CE,0.00,0.00,0.00,2.00,2.00,2.00,659.60,6.35,2000,0,0,0.00,0,F1,1000,,,,,
2026-05-20,2026-05-20,FO,NSE,STO,113665,,INDHOTEL,,2026-05-26,2026-05-26,620.00,CE,INDHOTEL26MAY620CE,30.40,40.25,27.80,40.25,40.25,35.65,659.60,41.25,88000,-14000,32,20862600.00,20,F1,1000,,,,,
2026-05-20,2026-05-20,FO,NSE,STO,113677,,INDHOTEL,,2026-05-26,2026-05-26,680.00,CE,INDHOTEL26MAY680CE,1.25,3.75,1.10,3.10,2.95,2.65,659.60,3.10,672000,-54000,805,549308500.00,675,F1,1000,,,,,
2026-05-20,2026-05-20,FO,NSE,STO,113687,,INDHOTEL,,2026-05-26,2026-05-26,730.00,CE,INDHOTEL26MAY730CE,0.20,0.25,0.15,0.20,0.20,0.30,659.60,0.15,92000,-9000,19,13873550.00,18,F1,1000,,,,,
2026-05-20,2026-05-20,FO,NSE,STO,103432,,INDHOTEL,,2026-06-30,2026-06-30,575.00,CE,INDHOTEL26JUN575CE,0.00,0.00,0.00,91.50,0.00,91.50,659.60,92.45,0,0,0,0.00,0,F1,1000,,,,,
2026-05-20,2026-05-20,FO,NSE,STO,103486,,INDHOTEL,,2026-06-30,2026-06-30,625.00,CE,INDHOTEL26JUN625CE,0.00,0.00,0.00,32.00,32.00,32.00,659.60,53.30,3000,0,0,0.00,0,F1,1000,,,,,
2026-05-20,2026-05-20,FO,NSE,STO,103683,,INDHOTEL,,2026-07-28,2026-07-28,560.00,CE,INDHOTEL26JUL560CE,0.00,0.00,0.00,110.00,0.00,110.00,659.60,111.90,0,0,0,0.00,0,F1,1000,,,,,
2026-05-20,2026-05-20,FO,NSE,STO,103793,,INDHOTEL,,2026-07-28,2026-07-28,760.00,CE,INDHOTEL26JUL760CE,0.00,0.00,0.00,14.95,0.00,14.95,659.60,11.60,0,0,0,0.00,0,F1,1000,,,,,
2026-05-20,2026-05-20,FO,NSE,STO,103752,,INDHOTEL,,2026-07-28,2026-07-28,720.00,CE,INDHOTEL26JUL720CE,0.00,0.00,0.00,24.20,0.00,24.20,659.60,20.50,0,0,0,0.00,0,F1,1000,,,,,
2026-05-20,2026-05-20,FO,NSE,STO,103700,,INDHOTEL,,2026-07-28,2026-07-28,600.00,CE,INDHOTEL26JUL600CE,0.00,0.00,0.00,80.50,0.00,80.50,659.60,80.25,0,0,0,0.00,0,F1,1000,,,,,
2026-05-20,2026-05-20,FO,NSE,STO,125879,,INDHOTEL,,2026-05-26,2026-05-26,685.00,CE,INDHOTEL26MAY685CE,1.25,2.55,1.00,2.25,2.20,1.95,659.60,2.25,151000,-22000,94,64555550.00,94,F1,1000,,,,,
2026-05-20,2026-05-20,FO,NSE,STO,125877,,INDHOTEL,,2026-05-26,2026-05-26,675.00,CE,INDHOTEL26MAY675CE,1.90,5.00,1.65,4.30,4.00,3.55,659.60,4.30,209000,-2000,295,200015150.00,268,F1,1000,,,,,
2026-05-20,2026-05-20,FO,NSE,STO,125852,,INDHOTEL,,2026-05-26,2026-05-26,625.00,CE,INDHOTEL26MAY625CE,0.00,0.00,0.00,25.95,24.40,25.95,659.60,36.75,82000,0,0,0.00,0,F1,1000,,,,,
2026-05-20,2026-05-20,FO,NSE,STF,61203,,INDHOTEL,,2026-07-28,2026-07-28,,,INDHOTEL26JULFUT,647.35,668.50,647.35,665.75,665.45,657.90,659.60,665.75,979000,873000,895,581895350.00,115,F1,1000,,,,,
2026-05-20,2026-05-20,FO,NSE,STO,103737,,INDHOTEL,,2026-07-28,2026-07-28,650.00,PE,INDHOTEL26JUL650PE,0.00,0.00,0.00,39.40,0.00,39.40,659.60,31.15,0,0,0,0.00,0,F1,1000,,,,,
2026-05-20,2026-05-20,FO,NSE,STO,103731,,INDHOTEL,,2026-07-28,2026-07-28,620.00,PE,INDHOTEL26JUL620PE,0.00,0.00,0.00,26.40,0.00,26.40,659.60,19.30,0,0,0,0.00,0,F1,1000,,,,,
2026-05-20,2026-05-20,FO,NSE,STO,103690,,INDHOTEL,,2026-07-28,2026-07-28,590.00,PE,INDHOTEL26JUL590PE,0.00,0.00,0.00,16.50,0.00,16.50,659.60,10.95,0,0,0,0.00,0,F1,1000,,,,,
2026-05-20,2026-05-20,FO,NSE,STO,103684,,INDHOTEL,,2026-07-28,2026-07-28,560.00,PE,INDHOTEL26JUL560PE,0.00,0.00,0.00,9.50,0.00,9.50,659.60,5.55,0,0,0,0.00,0,F1,1000,,,,,
2026-05-20,2026-05-20,FO,NSE,STO,126243,,INDHOTEL,,2026-06-30,2026-06-30,740.00,PE,INDHOTEL26JUN740PE,93.00,93.00,79.00,79.00,79.00,82.50,659.60,82.90,39000,12000,12,9887650.00,12,F1,1000,,,,,
2026-05-20,2026-05-20,FO,NSE,STO,103475,,INDHOTEL,,2026-06-30,2026-06-30,605.00,PE,INDHOTEL26JUN605PE,0.00,0.00,0.00,7.00,7.00,7.00,659.60,8.80,1000,0,0,0.00,0,F1,1000,,,,,
2026-05-20,2026-05-20,FO,NSE,STO,103473,,INDHOTEL,,2026-06-30,2026-06-30,595.00,PE,INDHOTEL26JUN595PE,0.00,0.00,0.00,12.85,0.00,12.85,659.60,6.75,0,0,0,0.00,0,F1,1000,,,,,
2026-05-20,2026-05-20,FO,NSE,STO,113672,,INDHOTEL,,2026-05-26,2026-05-26,650.00,PE,INDHOTEL26MAY650PE,11.00,13.70,4.65,5.10,5.25,8.40,659.60,5.10,365000,-25000,626,411764550.00,509,F1,1000,,,,,
2026-05-20,2026-05-20,FO,NSE,STO,125872,,INDHOTEL,,2026-05-26,2026-05-26,645.00,PE,INDHOTEL26MAY645PE,10.10,10.65,3.40,3.80,3.90,6.45,659.60,3.80,205000,23000,314,204502550.00,277,F1,1000,,,,,
2026-05-20,2026-05-20,FO,NSE,STO,125853,,INDHOTEL,,2026-05-26,2026-05-26,625.00,PE,INDHOTEL26MAY625PE,3.65,3.65,0.95,1.05,1.10,2.15,659.60,1.05,114000,13000,60,37607600.00,58,F1,1000,,,,,
2026-05-20,2026-05-20,FO,NSE,STO,113686,,INDHOTEL,,2026-05-26,2026-05-26,720.00,PE,INDHOTEL26MAY720PE,0.00,0.00,0.00,72.00,72.00,72.00,659.60,60.00,74000,0,0,0.00,0,F1,1000,,,,,
2026-05-20,2026-05-20,FO,NSE,STO,126235,,INDHOTEL,,2026-06-30,2026-06-30,700.00,PE,INDHOTEL26JUN700PE,57.50,59.00,45.00,45.00,45.00,47.75,659.60,45.00,112000,32000,39,29284550.00,28,F1,1000,,,,,
2026-05-20,2026-05-20,FO,NSE,STO,103746,,INDHOTEL,,2026-07-28,2026-07-28,700.00,CE,INDHOTEL26JUL700CE,0.00,0.00,0.00,30.40,0.00,30.40,659.60,26.70,0,0,0,0.00,0,F1,1000,,,,,
2026-05-20,2026-05-20,FO,NSE,STO,126240,,INDHOTEL,,2026-06-30,2026-06-30,730.00,CE,INDHOTEL26JUN730CE,0.00,0.00,0.00,4.50,4.50,4.50,659.60,9.55,7000,0,0,0.00,0,F1,1000,,,,,
2026-05-20,2026-05-20,FO,NSE,STO,126238,,INDHOTEL,,2026-06-30,2026-06-30,720.00,CE,INDHOTEL26JUN720CE,0.00,0.00,0.00,6.00,6.00,6.00,659.60,11.70,2000,0,0,0.00,0,F1,1000,,,,,
2026-05-20,2026-05-20,FO,NSE,STO,126234,,INDHOTEL,,2026-06-30,2026-06-30,700.00,CE,INDHOTEL26JUN700CE,6.35,10.25,6.15,9.55,9.35,8.65,659.60,9.55,165000,13000,130,92051250.00,109,F1,1000,,,,,
2026-05-20,2026-05-20,FO,NSE,STO,113691,,INDHOTEL,,2026-05-26,2026-05-26,750.00,CE,INDHOTEL26MAY750CE,0.15,0.15,0.05,0.10,0.10,0.20,659.60,0.10,90000,-15000,28,21003250.00,23,F1,1000,,,,,
2026-05-20,2026-05-20,FO,NSE,STO,113689,,INDHOTEL,,2026-05-26,2026-05-26,740.00,CE,INDHOTEL26MAY740CE,0.20,0.20,0.20,0.20,0.20,0.30,659.60,0.05,72000,0,2,1480400.00,2,F1,1000,,,,,
2026-05-20,2026-05-20,FO,NSE,STO,125887,,INDHOTEL,,2026-05-26,2026-05-26,725.00,CE,INDHOTEL26MAY725CE,0.00,0.00,0.00,0.25,0.25,0.25,659.60,0.20,18000,0,0,0.00,0,F1,1000,,,,,
2026-05-20,2026-05-20,FO,NSE,STO,125864,,INDHOTEL,,2026-05-26,2026-05-26,635.00,CE,INDHOTEL26MAY635CE,0.00,0.00,0.00,22.70,22.45,22.70,659.60,28.30,98000,0,0,0.00,0,F1,1000,,,,,
2026-05-20,2026-05-20,FO,NSE,STO,126245,,INDHOTEL,,2026-06-30,2026-06-30,750.00,PE,INDHOTEL26JUN750PE,92.00,92.00,87.00,87.00,87.00,92.80,659.60,87.00,17000,11000,11,9220000.00,6,F1,1000,,,,,
2026-05-20,2026-05-20,FO,NSE,STO,103739,,INDHOTEL,,2026-07-28,2026-07-28,660.00,PE,INDHOTEL26JUL660PE,0.00,0.00,0.00,44.45,0.00,44.45,659.60,35.85,0,0,0,0.00,0,F1,1000,,,,,
2026-05-20,2026-05-20,FO,NSE,STF,62615,,INDHOTEL,,2026-06-30,2026-06-30,,,INDHOTEL26JUNFUT,646.50,664.70,645.00,662.15,661.50,655.80,659.60,662.15,3346000,606000,1120,732586950.00,841,F1,1000,,,,,
2026-05-20,2026-05-20,FO,NSE,STO,125848,,INDHOTEL,,2026-05-26,2026-05-26,605.00,CE,INDHOTEL26MAY605CE,0.00,0.00,0.00,19.85,0.00,19.85,659.60,55.45,0,0,0,0.00,0,F1,1000,,,,,
2026-05-20,2026-05-20,FO,NSE,STO,125994,,INDHOTEL,,2026-06-30,2026-06-30,550.00,PE,INDHOTEL26JUN550PE,0.00,0.00,0.00,24.90,0.00,24.90,659.60,1.55,0,0,0,0.00,0,F1,1000,,,,,
2026-05-20,2026-05-20,FO,NSE,STO,103491,,INDHOTEL,,2026-06-30,2026-06-30,645.00,PE,INDHOTEL26JUN645PE,0.00,0.00,0.00,30.90,0.00,30.90,659.60,21.55,0,0,0,0.00,0,F1,1000,,,,,
2026-05-20,2026-05-20,FO,NSE,STO,103743,,INDHOTEL,,2026-07-28,2026-07-28,680.00,PE,INDHOTEL26JUL680PE,0.00,0.00,0.00,55.50,0.00,55.50,659.60,46.50,0,0,0,0.00,0,F1,1000,,,,,
2026-05-20,2026-05-20,FO,NSE,STO,113693,,INDHOTEL,,2026-05-26,2026-05-26,760.00,CE,INDHOTEL26MAY760CE,0.10,0.10,0.05,0.10,0.10,0.05,659.60,0.05,144000,-15000,20,15201400.00,10,F1,1000,,,,,
2026-05-20,2026-05-20,FO,NSE,STO,113692,,INDHOTEL,,2026-05-26,2026-05-26,750.00,PE,INDHOTEL26MAY750PE,95.75,95.75,87.60,88.00,88.00,94.90,659.60,88.00,32000,-14000,16,13454150.00,11,F1,1000,,,,,
2026-05-20,2026-05-20,FO,NSE,STO,125884,,INDHOTEL,,2026-05-26,2026-05-26,705.00,PE,INDHOTEL26MAY705PE,0.00,0.00,0.00,55.80,55.80,55.80,659.60,45.70,1000,0,0,0.00,0,F1,1000,,,,,
2026-05-20,2026-05-20,FO,NSE,STO,113670,,INDHOTEL,,2026-05-26,2026-05-26,640.00,PE,INDHOTEL26MAY640PE,8.55,9.00,2.45,2.75,2.85,5.00,659.60,2.75,430000,13000,619,399598050.00,541,F1,1000,,,,,
2026-05-20,2026-05-20,FO,NSE,STO,125845,,INDHOTEL,,2026-05-26,2026-05-26,585.00,PE,INDHOTEL26MAY585PE,0.00,0.00,0.00,0.80,0.80,0.80,659.60,0.05,30000,0,0,0.00,0,F1,1000,,,,,
2026-05-20,2026-05-20,FO,NSE,STO,113595,,INDHOTEL,,2026-05-26,2026-05-26,570.00,PE,INDHOTEL26MAY570PE,0.30,0.30,0.25,0.25,0.25,0.25,659.60,0.00,25000,-1000,6,3421750.00,4,F1,1000,,,,,
2026-05-20,2026-05-20,FO,NSE,STO,126242,,INDHOTEL,,2026-06-30,2026-06-30,740.00,CE,INDHOTEL26JUN740CE,2.50,3.20,2.50,3.20,3.20,4.00,659.60,7.80,31000,26000,33,24514950.00,17,F1,1000,,,,,
2026-05-20,2026-05-20,FO,NSE,STO,103516,,INDHOTEL,,2026-06-30,2026-06-30,715.00,CE,INDHOTEL26JUN715CE,0.00,0.00,0.00,17.75,0.00,17.75,659.60,12.85,0,0,0,0.00,0,F1,1000,,,,,
2026-05-20,2026-05-20,FO,NSE,STO,125993,,INDHOTEL,,2026-06-30,2026-06-30,550.00,CE,INDHOTEL26JUN550CE,0.00,0.00,0.00,55.70,0.00,55.70,659.60,115.10,0,0,0,0.00,0,F1,1000,,,,,
2026-05-20,2026-05-20,FO,NSE,STO,113683,,INDHOTEL,,2026-05-26,2026-05-26,710.00,CE,INDHOTEL26MAY710CE,0.35,0.55,0.35,0.55,0.55,0.60,659.60,0.55,185000,-23000,72,51148450.00,59,F1,1000,,,,,
2026-05-20,2026-05-20,FO,NSE,STO,103759,,INDHOTEL,,2026-07-28,2026-07-28,740.00,PE,INDHOTEL26JUL740PE,0.00,0.00,0.00,96.05,0.00,96.05,659.60,87.00,0,0,0,0.00,0,F1,1000,,,,,
2026-05-20,2026-05-20,FO,NSE,STO,103741,,INDHOTEL,,2026-07-28,2026-07-28,670.00,PE,INDHOTEL26JUL670PE,0.00,0.00,0.00,49.80,0.00,49.80,659.60,41.00,0,0,0,0.00,0,F1,1000,,,,,
2026-05-20,2026-05-20,FO,NSE,STO,103727,,INDHOTEL,,2026-07-28,2026-07-28,610.00,PE,INDHOTEL26JUL610PE,0.00,0.00,0.00,22.75,0.00,22.75,659.60,16.15,0,0,0,0.00,0,F1,1000,,,,,
2026-05-20,2026-05-20,FO,NSE,STO,103686,,INDHOTEL,,2026-07-28,2026-07-28,570.00,PE,INDHOTEL26JUL570PE,0.00,0.00,0.00,11.55,0.00,11.55,659.60,7.05,0,0,0,0.00,0,F1,1000,,,,,
2026-05-20,2026-05-20,FO,NSE,STO,126223,,INDHOTEL,,2026-06-30,2026-06-30,640.00,PE,INDHOTEL26JUN640PE,18.85,20.10,13.30,13.85,14.00,15.00,659.60,13.85,61000,19000,34,22300850.00,29,F1,1000,,,,,
2026-05-20,2026-05-20,FO,NSE,STO,113685,,INDHOTEL,,2026-05-26,2026-05-26,720.00,CE,INDHOTEL26MAY720CE,0.30,0.40,0.30,0.35,0.35,0.45,659.60,0.35,171000,-3000,29,20889050.00,23,F1,1000,,,,,
2026-05-20,2026-05-20,FO,NSE,STO,126204,,INDHOTEL,,2026-06-30,2026-06-30,600.00,CE,INDHOTEL26JUN600CE,0.00,0.00,0.00,66.00,66.00,66.00,659.60,71.60,1000,0,0,0.00,0,F1,1000,,,,,
2026-05-20,2026-05-20,FO,NSE,STO,103494,,INDHOTEL,,2026-06-30,2026-06-30,665.00,CE,INDHOTEL26JUN665CE,22.25,22.30,21.80,22.30,22.30,35.15,659.60,30.35,1000,1000,5,3435400.00,5,F1,1000,,,,,
2026-05-20,2026-05-20,FO,NSE,STO,126230,,INDHOTEL,,2026-06-30,2026-06-30,680.00,CE,INDHOTEL26JUN680CE,10.00,16.90,10.00,16.10,16.10,14.15,659.60,16.10,101000,9000,38,26361050.00,38,F1,1000,,,,,
2026-05-20,2026-05-20,FO,NSE,STO,103518,,INDHOTEL,,2026-06-30,2026-06-30,725.00,CE,INDHOTEL26JUN725CE,0.00,0.00,0.00,7.00,7.00,7.00,659.60,10.55,1000,0,0,0.00,0,F1,1000,,,,,
2026-05-20,2026-05-20,FO,NSE,STO,103740,,INDHOTEL,,2026-07-28,2026-07-28,670.00,CE,INDHOTEL26JUL670CE,0.00,0.00,0.00,41.90,0.00,41.90,659.60,38.70,0,0,0,0.00,0,F1,1000,,,,,
2026-05-20,2026-05-20,FO,NSE,STO,113437,,INDHOTEL,,2026-05-26,2026-05-26,510.00,PE,INDHOTEL26MAY510PE,0.10,0.10,0.10,0.10,0.10,0.10,659.60,0.00,54000,-16000,16,8161600.00,2,F1,1000,,,,,
2026-05-20,2026-05-20,FO,NSE,STO,113445,,INDHOTEL,,2026-05-26,2026-05-26,530.00,PE,INDHOTEL26MAY530PE,0.10,0.10,0.05,0.05,0.05,0.15,659.60,0.00,15000,-5000,7,3710600.00,4,F1,1000,,,,,
2026-05-20,2026-05-20,FO,NSE,STO,113682,,INDHOTEL,,2026-05-26,2026-05-26,700.00,PE,INDHOTEL26MAY700PE,55.00,55.55,38.00,39.50,39.50,44.15,659.60,39.50,313000,-38000,54,40157400.00,38,F1,1000,,,,,
2026-05-20,2026-05-20,FO,NSE,STO,125886,,INDHOTEL,,2026-05-26,2026-05-26,715.00,PE,INDHOTEL26MAY715PE,0.00,0.00,0.00,78.00,78.00,78.00,659.60,55.20,1000,0,0,0.00,0,F1,1000,,,,,
2026-05-20,2026-05-20,FO,NSE,STO,125888,,INDHOTEL,,2026-05-26,2026-05-26,725.00,PE,INDHOTEL26MAY725PE,0.00,0.00,0.00,147.75,0.00,147.75,659.60,64.90,0,0,0,0.00,0,F1,1000,,,,,
2026-05-20,2026-05-20,FO,NSE,STO,113688,,INDHOTEL,,2026-05-26,2026-05-26,730.00,PE,INDHOTEL26MAY730PE,85.65,85.85,68.50,68.50,68.50,69.55,659.60,69.85,22000,-14000,21,16978650.00,11,F1,1000,,,,,
2026-05-20,2026-05-20,FO,NSE,STO,125890,,INDHOTEL,,2026-05-26,2026-05-26,735.00,PE,INDHOTEL26MAY735PE,0.00,0.00,0.00,77.00,77.00,77.00,659.60,74.80,6000,0,0,0.00,0,F1,1000,,,,,
2026-05-20,2026-05-20,FO,NSE,STO,125998,,INDHOTEL,,2026-06-30,2026-06-30,570.00,PE,INDHOTEL26JUN570PE,0.00,0.00,0.00,33.70,0.00,33.70,659.60,3.15,0,0,0,0.00,0,F1,1000,,,,,
2026-05-20,2026-05-20,FO,NSE,STO,126205,,INDHOTEL,,2026-06-30,2026-06-30,600.00,PE,INDHOTEL26JUN600PE,7.20,7.50,4.90,5.05,5.05,5.85,659.60,5.05,137000,7000,64,38781350.00,43,F1,1000,,,,,
2026-05-20,2026-05-20,FO,NSE,STO,103485,,INDHOTEL,,2026-06-30,2026-06-30,615.00,PE,INDHOTEL26JUN615PE,0.00,0.00,0.00,18.85,0.00,18.85,659.60,11.30,0,0,0,0.00,0,F1,1000,,,,,
2026-05-20,2026-05-20,FO,NSE,STO,126225,,INDHOTEL,,2026-06-30,2026-06-30,650.00,PE,INDHOTEL26JUN650PE,24.00,25.45,17.00,17.15,17.00,20.15,659.60,17.15,119000,19000,86,57681700.00,75,F1,1000,,,,,
