TradDt,BizDt,Sgmt,Src,FinInstrmTp,FinInstrmId,ISIN,TckrSymb,SctySrs,XpryDt,FininstrmActlXpryDt,StrkPric,OptnTp,FinInstrmNm,OpnPric,HghPric,LwPric,ClsPric,LastPric,PrvsClsgPric,UndrlygPric,SttlmPric,OpnIntrst,ChngInOpnIntrst,TtlTradgVol,TtlTrfVal,TtlNbOfTxsExctd,SsnId,NewBrdLotQty,Rmks,Rsvd1,Rsvd2,Rsvd3,Rsvd4
2026-04-28,2026-04-28,FO,NSE,STF,66969,,PIDILITIND,,2026-04-28,2026-04-28,,,PIDILITIND26APRFUT,1419.50,1419.50,1387.50,1392.10,1395.30,1401.60,1392.60,1392.60,678000,-412500,1319,919878600.00,1029,F1,500,,,,,
2026-04-28,2026-04-28,FO,NSE,STO,150609,,PIDILITIND,,2026-04-28,2026-04-28,1160.00,CE,PIDILITIND26APR1160CE,0.00,0.00,0.00,196.35,196.35,196.35,1392.60,1392.60,0,0,0,0.00,0,F1,500,,,,,
2026-04-28,2026-04-28,FO,NSE,STO,150678,,PIDILITIND,,2026-04-28,2026-04-28,1400.00,CE,PIDILITIND26APR1400CE,3.10,15.00,0.60,2.05,1.50,7.85,1392.60,1392.60,56500,-23500,160,112258250.00,124,F1,500,,,,,
2026-04-28,2026-04-28,FO,NSE,STO,150680,,PIDILITIND,,2026-04-28,2026-04-28,1420.00,CE,PIDILITIND26APR1420CE,0.75,1.30,0.10,0.10,0.10,1.50,1392.60,1392.60,25000,-27500,89,63214475.00,67,F1,500,,,,,
2026-04-28,2026-04-28,FO,NSE,STO,141600,,PIDILITIND,,2026-04-28,2026-04-28,1450.00,CE,PIDILITIND26APR1450CE,0.20,0.20,0.05,0.05,0.05,0.25,1392.60,1392.60,40000,-8500,52,37702600.00,47,F1,500,,,,,
2026-04-28,2026-04-28,FO,NSE,STO,141710,,PIDILITIND,,2026-05-26,2026-05-26,1160.00,CE,PIDILITIND26MAY1160CE,0.00,0.00,0.00,339.95,0.00,339.95,1392.60,237.90,0,0,0,0.00,0,F1,500,,,,,
2026-04-28,2026-04-28,FO,NSE,STO,141730,,PIDILITIND,,2026-05-26,2026-05-26,1360.00,CE,PIDILITIND26MAY1360CE,0.00,0.00,0.00,156.25,0.00,156.25,1392.60,61.55,0,0,0,0.00,0,F1,500,,,,,
2026-04-28,2026-04-28,FO,NSE,STO,141762,,PIDILITIND,,2026-05-26,2026-05-26,1500.00,CE,PIDILITIND26MAY1500CE,12.85,13.50,10.60,10.90,11.75,12.90,1392.60,10.90,189000,6500,170,128513950.00,141,F1,500,,,,,
2026-04-28,2026-04-28,FO,NSE,STO,161621,,PIDILITIND,,2026-05-26,2026-05-26,1550.00,CE,PIDILITIND26MAY1550CE,6.40,6.40,5.00,5.25,5.35,6.40,1392.60,5.25,54000,-2000,107,83219350.00,69,F1,500,,,,,
2026-04-28,2026-04-28,FO,NSE,STO,161690,,PIDILITIND,,2026-06-30,2026-06-30,1260.00,PE,PIDILITIND26JUN1260PE,0.00,0.00,0.00,41.25,0.00,41.25,1392.60,11.15,0,0,0,0.00,0,F1,500,,,,,
2026-04-28,2026-04-28,FO,NSE,STO,141884,,PIDILITIND,,2026-05-26,2026-05-26,1600.00,CE,PIDILITIND26MAY1600CE,0.00,0.00,0.00,28.20,0.00,28.20,1392.60,1.30,0,0,0,0.00,0,F1,500,,,,,
2026-04-28,2026-04-28,FO,NSE,STO,141599,,PIDILITIND,,2026-04-28,2026-04-28,1430.00,PE,PIDILITIND26APR1430PE,0.00,0.00,0.00,27.00,27.00,27.00,1392.60,1392.60,3000,0,0,0.00,0,F1,500,,,,,
2026-04-28,2026-04-28,FO,NSE,STO,150689,,PIDILITIND,,2026-04-28,2026-04-28,1500.00,PE,PIDILITIND26APR1500PE,107.00,107.00,104.50,104.50,104.50,100.00,1392.60,1392.60,5500,-500,3,2409250.00,3,F1,500,,,,,
2026-04-28,2026-04-28,FO,NSE,STO,141611,,PIDILITIND,,2026-04-28,2026-04-28,1550.00,PE,PIDILITIND26APR1550PE,0.00,0.00,0.00,151.00,151.00,151.00,1392.60,1392.60,0,0,0,0.00,0,F1,500,,,,,
2026-04-28,2026-04-28,FO,NSE,STO,43037,,PIDILITIND,,2026-05-26,2026-05-26,1100.00,PE,PIDILITIND26MAY1100PE,0.30,0.30,0.30,0.30,0.30,1.50,1392.60,0.05,1000,0,2,1100300.00,1,F1,500,,,,,
2026-04-28,2026-04-28,FO,NSE,STO,141711,,PIDILITIND,,2026-05-26,2026-05-26,1160.00,PE,PIDILITIND26MAY1160PE,0.00,0.00,0.00,0.35,0.00,0.35,1392.60,0.15,0,0,0,0.00,0,F1,500,,,,,
2026-04-28,2026-04-28,FO,NSE,STO,161300,,PIDILITIND,,2026-05-26,2026-05-26,1310.00,PE,PIDILITIND26MAY1310PE,0.00,0.00,0.00,12.40,12.40,12.40,1392.60,9.45,0,0,0,0.00,0,F1,500,,,,,
2026-04-28,2026-04-28,FO,NSE,STO,161616,,PIDILITIND,,2026-05-26,2026-05-26,1510.00,PE,PIDILITIND26MAY1510PE,0.00,0.00,0.00,128.55,128.55,128.55,1392.60,118.30,500,0,0,0.00,0,F1,500,,,,,
2026-04-28,2026-04-28,FO,NSE,STO,141871,,PIDILITIND,,2026-05-26,2026-05-26,1520.00,PE,PIDILITIND26MAY1520PE,128.00,129.00,128.00,129.00,129.00,133.45,1392.60,127.00,1500,1000,2,1648500.00,2,F1,500,,,,,
2026-04-28,2026-04-28,FO,NSE,STO,161267,,PIDILITIND,,2026-05-26,2026-05-26,1150.00,CE,PIDILITIND26MAY1150CE,0.00,0.00,0.00,153.55,0.00,153.55,1392.60,247.80,0,0,0,0.00,0,F1,500,,,,,
2026-04-28,2026-04-28,FO,NSE,STO,150700,,PIDILITIND,,2026-04-28,2026-04-28,1620.00,CE,PIDILITIND26APR1620CE,0.00,0.00,0.00,15.75,0.00,15.75,1392.60,1392.60,0,0,0,0.00,0,F1,500,,,,,
2026-04-28,2026-04-28,FO,NSE,STO,161686,,PIDILITIND,,2026-06-30,2026-06-30,1220.00,PE,PIDILITIND26JUN1220PE,0.00,0.00,0.00,27.30,0.00,27.30,1392.60,5.95,0,0,0,0.00,0,F1,500,,,,,
2026-04-28,2026-04-28,FO,NSE,STO,150694,,PIDILITIND,,2026-04-28,2026-04-28,1560.00,CE,PIDILITIND26APR1560CE,0.00,0.00,0.00,28.45,0.00,28.45,1392.60,1392.60,0,0,0,0.00,0,F1,500,,,,,
2026-04-28,2026-04-28,FO,NSE,STO,141756,,PIDILITIND,,2026-05-26,2026-05-26,1460.00,CE,PIDILITIND26MAY1460CE,0.00,0.00,0.00,26.50,26.50,26.50,1392.60,17.25,1500,0,0,0.00,0,F1,500,,,,,
2026-04-28,2026-04-28,FO,NSE,STO,161603,,PIDILITIND,,2026-05-26,2026-05-26,1410.00,CE,PIDILITIND26MAY1410CE,43.75,43.75,36.25,37.55,37.90,41.85,1392.60,37.55,24000,5000,31,22445725.00,24,F1,500,,,,,
2026-04-28,2026-04-28,FO,NSE,STO,141704,,PIDILITIND,,2026-05-26,2026-05-26,1080.00,CE,PIDILITIND26MAY1080CE,0.00,0.00,0.00,418.35,0.00,418.35,1392.60,317.40,0,0,0,0.00,0,F1,500,,,,,
2026-04-28,2026-04-28,FO,NSE,STO,141590,,PIDILITIND,,2026-04-28,2026-04-28,1350.00,CE,PIDILITIND26APR1350CE,50.30,53.00,42.00,42.00,42.00,47.70,1392.60,1392.60,29500,-6000,20,13985600.00,20,F1,500,,,,,
2026-04-28,2026-04-28,FO,NSE,STO,141736,,PIDILITIND,,2026-05-26,2026-05-26,1400.00,CE,PIDILITIND26MAY1400CE,48.70,49.85,40.10,43.35,43.95,47.10,1392.60,43.35,136000,49500,247,178317150.00,177,F1,500,,,,,
2026-04-28,2026-04-28,FO,NSE,STO,161704,,PIDILITIND,,2026-06-30,2026-06-30,1400.00,PE,PIDILITIND26JUN1400PE,0.00,0.00,0.00,120.05,0.00,120.05,1392.60,55.80,0,0,0,0.00,0,F1,500,,,,,
2026-04-28,2026-04-28,FO,NSE,STO,161600,,PIDILITIND,,2026-05-26,2026-05-26,1370.00,PE,PIDILITIND26MAY1370PE,0.00,0.00,0.00,29.00,29.00,29.00,1392.60,26.70,3500,0,0,0.00,0,F1,500,,,,,
2026-04-28,2026-04-28,FO,NSE,STO,161286,,PIDILITIND,,2026-05-26,2026-05-26,1250.00,PE,PIDILITIND26MAY1250PE,0.00,0.00,0.00,28.20,0.00,28.20,1392.60,2.40,0,0,0,0.00,0,F1,500,,,,,
2026-04-28,2026-04-28,FO,NSE,STO,161272,,PIDILITIND,,2026-05-26,2026-05-26,1150.00,PE,PIDILITIND26MAY1150PE,0.00,0.00,0.00,5.85,0.00,5.85,1392.60,0.10,0,0,0,0.00,0,F1,500,,,,,
2026-04-28,2026-04-28,FO,NSE,STO,141601,,PIDILITIND,,2026-04-28,2026-04-28,1450.00,PE,PIDILITIND26APR1450PE,0.00,0.00,0.00,50.00,50.00,50.00,1392.60,1392.60,3000,0,0,0.00,0,F1,500,,,,,
2026-04-28,2026-04-28,FO,NSE,STO,161683,,PIDILITIND,,2026-06-30,2026-06-30,1200.00,CE,PIDILITIND26JUN1200CE,0.00,0.00,0.00,128.30,0.00,128.30,1392.60,209.70,0,0,0,0.00,0,F1,500,,,,,
2026-04-28,2026-04-28,FO,NSE,STO,141728,,PIDILITIND,,2026-05-26,2026-05-26,1340.00,CE,PIDILITIND26MAY1340CE,0.00,0.00,0.00,85.00,85.00,85.00,1392.60,75.05,2000,0,0,0.00,0,F1,500,,,,,
2026-04-28,2026-04-28,FO,NSE,STO,161273,,PIDILITIND,,2026-05-26,2026-05-26,1170.00,CE,PIDILITIND26MAY1170CE,0.00,0.00,0.00,136.40,0.00,136.40,1392.60,228.00,0,0,0,0.00,0,F1,500,,,,,
2026-04-28,2026-04-28,FO,NSE,STO,141718,,PIDILITIND,,2026-05-26,2026-05-26,1240.00,CE,PIDILITIND26MAY1240CE,0.00,0.00,0.00,262.80,0.00,262.80,1392.60,159.90,0,0,0,0.00,0,F1,500,,,,,
2026-04-28,2026-04-28,FO,NSE,STO,141720,,PIDILITIND,,2026-05-26,2026-05-26,1260.00,CE,PIDILITIND26MAY1260CE,0.00,0.00,0.00,244.00,0.00,244.00,1392.60,141.25,0,0,0,0.00,0,F1,500,,,,,
2026-04-28,2026-04-28,FO,NSE,STO,141874,,PIDILITIND,,2026-05-26,2026-05-26,1560.00,CE,PIDILITIND26MAY1560CE,5.00,5.10,4.55,4.55,4.55,5.40,1392.60,2.95,5500,1500,5,3912400.00,5,F1,500,,,,,
2026-04-28,2026-04-28,FO,NSE,STO,141880,,PIDILITIND,,2026-05-26,2026-05-26,1580.00,CE,PIDILITIND26MAY1580CE,0.00,0.00,0.00,33.75,0.00,33.75,1392.60,1.95,0,0,0,0.00,0,F1,500,,,,,
2026-04-28,2026-04-28,FO,NSE,STO,150577,,PIDILITIND,,2026-04-28,2026-04-28,1120.00,PE,PIDILITIND26APR1120PE,0.00,0.00,0.00,0.25,0.00,0.25,1392.60,1392.60,0,0,0,0.00,0,F1,500,,,,,
2026-04-28,2026-04-28,FO,NSE,STO,141576,,PIDILITIND,,2026-04-28,2026-04-28,1230.00,PE,PIDILITIND26APR1230PE,0.05,0.05,0.05,0.05,0.05,0.10,1392.60,1392.60,5500,-500,5,3075125.00,2,F1,500,,,,,
2026-04-28,2026-04-28,FO,NSE,STO,150669,,PIDILITIND,,2026-04-28,2026-04-28,1300.00,PE,PIDILITIND26APR1300PE,0.10,0.35,0.05,0.05,0.05,0.20,1392.60,1392.60,95500,-8500,81,52656975.00,52,F1,500,,,,,
2026-04-28,2026-04-28,FO,NSE,STO,150671,,PIDILITIND,,2026-04-28,2026-04-28,1320.00,PE,PIDILITIND26APR1320PE,0.05,0.05,0.05,0.05,0.05,0.40,1392.60,1392.60,46500,-500,1,660025.00,1,F1,500,,,,,
2026-04-28,2026-04-28,FO,NSE,STO,141719,,PIDILITIND,,2026-05-26,2026-05-26,1240.00,PE,PIDILITIND26MAY1240PE,0.00,0.00,0.00,4.00,4.00,4.00,1392.60,1.80,2000,0,0,0.00,0,F1,500,,,,,
2026-04-28,2026-04-28,FO,NSE,STO,141753,,PIDILITIND,,2026-05-26,2026-05-26,1420.00,PE,PIDILITIND26MAY1420PE,48.00,49.55,48.00,49.55,49.55,47.00,1392.60,51.55,4000,1000,2,1468775.00,2,F1,500,,,,,
2026-04-28,2026-04-28,FO,NSE,STO,161689,,PIDILITIND,,2026-06-30,2026-06-30,1260.00,CE,PIDILITIND26JUN1260CE,0.00,0.00,0.00,88.80,0.00,88.80,1392.60,157.25,0,0,0,0.00,0,F1,500,,,,,
2026-04-28,2026-04-28,FO,NSE,STO,161703,,PIDILITIND,,2026-06-30,2026-06-30,1400.00,CE,PIDILITIND26JUN1400CE,0.00,0.00,0.00,30.15,0.00,30.15,1392.60,63.40,0,0,0,0.00,0,F1,500,,,,,
2026-04-28,2026-04-28,FO,NSE,STO,161709,,PIDILITIND,,2026-06-30,2026-06-30,1460.00,CE,PIDILITIND26JUN1460CE,0.00,0.00,0.00,17.30,0.00,17.30,1392.60,38.40,0,0,0,0.00,0,F1,500,,,,,
2026-04-28,2026-04-28,FO,NSE,STO,161721,,PIDILITIND,,2026-06-30,2026-06-30,1580.00,CE,PIDILITIND26JUN1580CE,0.00,0.00,0.00,6.00,6.00,6.00,1392.60,11.45,2000,0,0,0.00,0,F1,500,,,,,
2026-04-28,2026-04-28,FO,NSE,STO,150568,,PIDILITIND,,2026-04-28,2026-04-28,1100.00,CE,PIDILITIND26APR1100CE,0.00,0.00,0.00,258.10,258.10,258.10,1392.60,1392.60,0,0,0,0.00,0,F1,500,,,,,
2026-04-28,2026-04-28,FO,NSE,STO,150576,,PIDILITIND,,2026-04-28,2026-04-28,1120.00,CE,PIDILITIND26APR1120CE,0.00,0.00,0.00,344.60,0.00,344.60,1392.60,1392.60,0,0,0,0.00,0,F1,500,,,,,
2026-04-28,2026-04-28,FO,NSE,STO,150666,,PIDILITIND,,2026-04-28,2026-04-28,1280.00,CE,PIDILITIND26APR1280CE,0.00,0.00,0.00,116.50,116.50,116.50,1392.60,1392.60,24500,0,0,0.00,0,F1,500,,,,,
2026-04-28,2026-04-28,FO,NSE,STO,141608,,PIDILITIND,,2026-04-28,2026-04-28,1530.00,CE,PIDILITIND26APR1530CE,0.00,0.00,0.00,38.00,0.00,38.00,1392.60,1392.60,0,0,0,0.00,0,F1,500,,,,,
2026-04-28,2026-04-28,FO,NSE,STO,150696,,PIDILITIND,,2026-04-28,2026-04-28,1580.00,CE,PIDILITIND26APR1580CE,0.00,0.00,0.00,23.60,0.00,23.60,1392.60,1392.60,0,0,0,0.00,0,F1,500,,,,,
2026-04-28,2026-04-28,FO,NSE,STO,150566,,PIDILITIND,,2026-04-28,2026-04-28,1080.00,CE,PIDILITIND26APR1080CE,0.00,0.00,0.00,259.10,259.10,259.10,1392.60,1392.60,1000,0,0,0.00,0,F1,500,,,,,
2026-04-28,2026-04-28,FO,NSE,STO,43036,,PIDILITIND,,2026-05-26,2026-05-26,1100.00,CE,PIDILITIND26MAY1100CE,0.00,0.00,0.00,382.55,0.00,382.55,1392.60,297.50,0,0,0,0.00,0,F1,500,,,,,
2026-04-28,2026-04-28,FO,NSE,STO,141706,,PIDILITIND,,2026-05-26,2026-05-26,1120.00,CE,PIDILITIND26MAY1120CE,0.00,0.00,0.00,379.05,0.00,379.05,1392.60,277.60,0,0,0,0.00,0,F1,500,,,,,
2026-04-28,2026-04-28,FO,NSE,STO,141588,,PIDILITIND,,2026-04-28,2026-04-28,1330.00,CE,PIDILITIND26APR1330CE,66.30,66.30,66.30,66.30,66.30,68.70,1392.60,1392.60,20000,0,1,698150.00,1,F1,500,,,,,
2026-04-28,2026-04-28,FO,NSE,STO,161281,,PIDILITIND,,2026-05-26,2026-05-26,1210.00,CE,PIDILITIND26MAY1210CE,0.00,0.00,0.00,104.60,0.00,104.60,1392.60,188.75,0,0,0,0.00,0,F1,500,,,,,
2026-04-28,2026-04-28,FO,NSE,STO,161617,,PIDILITIND,,2026-05-26,2026-05-26,1530.00,CE,PIDILITIND26MAY1530CE,0.00,0.00,0.00,9.25,9.25,9.25,1392.60,5.30,4000,0,0,0.00,0,F1,500,,,,,
2026-04-28,2026-04-28,FO,NSE,STO,161707,,PIDILITIND,,2026-06-30,2026-06-30,1440.00,CE,PIDILITIND26JUN1440CE,0.00,0.00,0.00,20.95,0.00,20.95,1392.60,45.70,0,0,0,0.00,0,F1,500,,,,,
2026-04-28,2026-04-28,FO,NSE,STO,141603,,PIDILITIND,,2026-04-28,2026-04-28,1470.00,PE,PIDILITIND26APR1470PE,0.00,0.00,0.00,38.90,0.00,38.90,1392.60,1392.60,0,0,0,0.00,0,F1,500,,,,,
2026-04-28,2026-04-28,FO,NSE,STO,141607,,PIDILITIND,,2026-04-28,2026-04-28,1510.00,PE,PIDILITIND26APR1510PE,0.00,0.00,0.00,116.70,116.70,116.70,1392.60,1392.60,500,0,0,0.00,0,F1,500,,,,,
2026-04-28,2026-04-28,FO,NSE,STO,161278,,PIDILITIND,,2026-05-26,2026-05-26,1170.00,PE,PIDILITIND26MAY1170PE,0.00,0.00,0.00,8.45,0.00,8.45,1392.60,0.20,0,0,0,0.00,0,F1,500,,,,,
2026-04-28,2026-04-28,FO,NSE,STO,141755,,PIDILITIND,,2026-05-26,2026-05-26,1440.00,PE,PIDILITIND26MAY1440PE,62.00,65.00,62.00,65.00,65.00,63.00,1392.60,64.15,3500,1000,2,1503500.00,2,F1,500,,,,,
2026-04-28,2026-04-28,FO,NSE,STO,141757,,PIDILITIND,,2026-05-26,2026-05-26,1460.00,PE,PIDILITIND26MAY1460PE,0.00,0.00,0.00,74.00,74.00,74.00,1392.60,78.20,3500,0,0,0.00,0,F1,500,,,,,
2026-04-28,2026-04-28,FO,NSE,STO,161612,,PIDILITIND,,2026-05-26,2026-05-26,1490.00,PE,PIDILITIND26MAY1490PE,0.00,0.00,0.00,109.60,109.60,109.60,1392.60,101.50,1000,0,0,0.00,0,F1,500,,,,,
2026-04-28,2026-04-28,FO,NSE,STO,161676,,PIDILITIND,,2026-06-30,2026-06-30,1120.00,PE,PIDILITIND26JUN1120PE,0.00,0.00,0.00,7.35,0.00,7.35,1392.60,0.80,0,0,0,0.00,0,F1,500,,,,,
2026-04-28,2026-04-28,FO,NSE,STO,161682,,PIDILITIND,,2026-06-30,2026-06-30,1180.00,PE,PIDILITIND26JUN1180PE,0.00,0.00,0.00,17.05,0.00,17.05,1392.60,2.90,0,0,0,0.00,0,F1,500,,,,,
2026-04-28,2026-04-28,FO,NSE,STO,161724,,PIDILITIND,,2026-06-30,2026-06-30,1600.00,PE,PIDILITIND26JUN1600PE,0.00,0.00,0.00,290.20,0.00,290.20,1392.60,199.35,0,0,0,0.00,0,F1,500,,,,,
2026-04-28,2026-04-28,FO,NSE,STO,141577,,PIDILITIND,,2026-04-28,2026-04-28,1250.00,CE,PIDILITIND26APR1250CE,0.00,0.00,0.00,135.00,135.00,135.00,1392.60,1392.60,17000,0,0,0.00,0,F1,500,,,,,
2026-04-28,2026-04-28,FO,NSE,STO,150668,,PIDILITIND,,2026-04-28,2026-04-28,1300.00,CE,PIDILITIND26APR1300CE,103.00,103.00,90.00,96.00,96.00,104.00,1392.60,1392.60,63000,-15500,50,34902700.00,47,F1,500,,,,,
2026-04-28,2026-04-28,FO,NSE,STO,150698,,PIDILITIND,,2026-04-28,2026-04-28,1600.00,CE,PIDILITIND26APR1600CE,0.00,0.00,0.00,19.35,0.00,19.35,1392.60,1392.60,0,0,0,0.00,0,F1,500,,,,,
2026-04-28,2026-04-28,FO,NSE,STO,141581,,PIDILITIND,,2026-04-28,2026-04-28,1290.00,CE,PIDILITIND26APR1290CE,98.95,98.95,98.65,98.65,98.65,108.00,1392.60,1392.60,52500,0,4,2777475.00,3,F1,500,,,,,
2026-04-28,2026-04-28,FO,NSE,STO,161620,,PIDILITIND,,2026-05-26,2026-05-26,1530.00,PE,PIDILITIND26MAY1530PE,0.00,0.00,0.00,142.30,142.30,142.30,1392.60,135.90,500,0,0,0.00,0,F1,500,,,,,
2026-04-28,2026-04-28,FO,NSE,STO,161606,,PIDILITIND,,2026-05-26,2026-05-26,1430.00,PE,PIDILITIND26MAY1430PE,0.00,0.00,0.00,58.00,58.00,58.00,1392.60,57.65,1500,0,0,0.00,0,F1,500,,,,,
2026-04-28,2026-04-28,FO,NSE,STO,161610,,PIDILITIND,,2026-05-26,2026-05-26,1470.00,PE,PIDILITIND26MAY1470PE,0.00,0.00,0.00,92.15,92.15,92.15,1392.60,85.75,500,0,0,0.00,0,F1,500,,,,,
2026-04-28,2026-04-28,FO,NSE,STO,150699,,PIDILITIND,,2026-04-28,2026-04-28,1600.00,PE,PIDILITIND26APR1600PE,0.00,0.00,0.00,147.65,0.00,147.65,1392.60,1392.60,0,0,0,0.00,0,F1,500,,,,,
2026-04-28,2026-04-28,FO,NSE,STO,150683,,PIDILITIND,,2026-04-28,2026-04-28,1440.00,PE,PIDILITIND26APR1440PE,40.00,50.00,40.00,47.50,47.50,43.35,1392.60,1392.60,15000,-500,5,3711250.00,5,F1,500,,,,,
2026-04-28,2026-04-28,FO,NSE,STO,150673,,PIDILITIND,,2026-04-28,2026-04-28,1340.00,PE,PIDILITIND26APR1340PE,0.15,0.20,0.05,0.20,0.20,1.55,1392.60,1392.60,107000,-2500,37,24792825.00,21,F1,500,,,,,
2026-04-28,2026-04-28,FO,NSE,STO,141587,,PIDILITIND,,2026-04-28,2026-04-28,1310.00,PE,PIDILITIND26APR1310PE,0.10,0.15,0.05,0.10,0.10,0.05,1392.60,1392.60,50500,3000,21,13756225.00,18,F1,500,,,,,
2026-04-28,2026-04-28,FO,NSE,STO,141580,,PIDILITIND,,2026-04-28,2026-04-28,1270.00,PE,PIDILITIND26APR1270PE,0.00,0.00,0.00,0.20,0.20,0.20,1392.60,1392.60,9000,0,0,0.00,0,F1,500,,,,,
2026-04-28,2026-04-28,FO,NSE,STO,150569,,PIDILITIND,,2026-04-28,2026-04-28,1100.00,PE,PIDILITIND26APR1100PE,0.05,0.05,0.05,0.05,0.05,0.05,1392.60,1392.60,7000,-500,1,550025.00,1,F1,500,,,,,
2026-04-28,2026-04-28,FO,NSE,STO,161723,,PIDILITIND,,2026-06-30,2026-06-30,1600.00,CE,PIDILITIND26JUN1600CE,0.00,0.00,0.00,3.85,0.00,3.85,1392.60,9.15,0,0,0,0.00,0,F1,500,,,,,
2026-04-28,2026-04-28,FO,NSE,STO,161719,,PIDILITIND,,2026-06-30,2026-06-30,1560.00,CE,PIDILITIND26JUN1560CE,0.00,0.00,0.00,6.10,0.00,6.10,1392.60,14.30,0,0,0,0.00,0,F1,500,,,,,
2026-04-28,2026-04-28,FO,NSE,STO,161711,,PIDILITIND,,2026-06-30,2026-06-30,1480.00,CE,PIDILITIND26JUN1480CE,0.00,0.00,0.00,14.20,0.00,14.20,1392.60,31.95,0,0,0,0.00,0,F1,500,,,,,
2026-04-28,2026-04-28,FO,NSE,STO,161691,,PIDILITIND,,2026-06-30,2026-06-30,1280.00,CE,PIDILITIND26JUN1280CE,0.00,0.00,0.00,77.60,0.00,77.60,1392.60,141.10,0,0,0,0.00,0,F1,500,,,,,
2026-04-28,2026-04-28,FO,NSE,STO,161685,,PIDILITIND,,2026-06-30,2026-06-30,1220.00,CE,PIDILITIND26JUN1220CE,0.00,0.00,0.00,114.15,0.00,114.15,1392.60,191.65,0,0,0,0.00,0,F1,500,,,,,
2026-04-28,2026-04-28,FO,NSE,STO,161679,,PIDILITIND,,2026-06-30,2026-06-30,1160.00,CE,PIDILITIND26JUN1160CE,0.00,0.00,0.00,158.90,0.00,158.90,1392.60,247.00,0,0,0,0.00,0,F1,500,,,,,
2026-04-28,2026-04-28,FO,NSE,STO,141932,,PIDILITIND,,2026-05-26,2026-05-26,1620.00,CE,PIDILITIND26MAY1620CE,0.00,0.00,0.00,23.45,0.00,23.45,1392.60,0.80,0,0,0,0.00,0,F1,500,,,,,
2026-04-28,2026-04-28,FO,NSE,STO,141872,,PIDILITIND,,2026-05-26,2026-05-26,1540.00,CE,PIDILITIND26MAY1540CE,0.00,0.00,0.00,2.65,2.65,2.65,1392.60,4.40,1000,0,0,0.00,0,F1,500,,,,,
2026-04-28,2026-04-28,FO,NSE,STO,141764,,PIDILITIND,,2026-05-26,2026-05-26,1520.00,CE,PIDILITIND26MAY1520CE,9.00,9.00,8.15,8.40,8.40,10.00,1392.60,8.40,2000,1000,4,3056850.00,4,F1,500,,,,,
2026-04-28,2026-04-28,FO,NSE,STO,161301,,PIDILITIND,,2026-05-26,2026-05-26,1330.00,CE,PIDILITIND26MAY1330CE,0.00,0.00,0.00,36.60,0.00,36.60,1392.60,82.35,0,0,0,0.00,0,F1,500,,,,,
2026-04-28,2026-04-28,FO,NSE,STO,161289,,PIDILITIND,,2026-05-26,2026-05-26,1290.00,CE,PIDILITIND26MAY1290CE,0.00,0.00,0.00,54.30,0.00,54.30,1392.60,114.55,0,0,0,0.00,0,F1,500,,,,,
2026-04-28,2026-04-28,FO,NSE,STO,141722,,PIDILITIND,,2026-05-26,2026-05-26,1280.00,CE,PIDILITIND26MAY1280CE,0.00,0.00,0.00,225.50,0.00,225.50,1392.60,123.25,0,0,0,0.00,0,F1,500,,,,,
2026-04-28,2026-04-28,FO,NSE,STO,161279,,PIDILITIND,,2026-05-26,2026-05-26,1190.00,CE,PIDILITIND26MAY1190CE,0.00,0.00,0.00,120.00,0.00,120.00,1392.60,208.30,0,0,0,0.00,0,F1,500,,,,,
2026-04-28,2026-04-28,FO,NSE,STO,141714,,PIDILITIND,,2026-05-26,2026-05-26,1200.00,CE,PIDILITIND26MAY1200CE,200.00,200.00,200.00,200.00,200.00,301.10,1392.60,198.50,1000,1000,2,1400000.00,1,F1,500,,,,,
2026-04-28,2026-04-28,FO,NSE,STO,141734,,PIDILITIND,,2026-05-26,2026-05-26,1380.00,CE,PIDILITIND26MAY1380CE,0.00,0.00,0.00,55.00,55.00,55.00,1392.60,49.60,1000,0,0,0.00,0,F1,500,,,,,
2026-04-28,2026-04-28,FO,NSE,STO,161695,,PIDILITIND,,2026-06-30,2026-06-30,1320.00,CE,PIDILITIND26JUN1320CE,0.00,0.00,0.00,58.10,0.00,58.10,1392.60,111.25,0,0,0,0.00,0,F1,500,,,,,
2026-04-28,2026-04-28,FO,NSE,STO,161699,,PIDILITIND,,2026-06-30,2026-06-30,1360.00,CE,PIDILITIND26JUN1360CE,0.00,0.00,0.00,42.40,0.00,42.40,1392.60,85.25,0,0,0,0.00,0,F1,500,,,,,
2026-04-28,2026-04-28,FO,NSE,STO,150661,,PIDILITIND,,2026-04-28,2026-04-28,1220.00,PE,PIDILITIND26APR1220PE,0.25,0.25,0.25,0.25,0.25,0.25,1392.60,1392.60,2000,-500,1,610125.00,1,F1,500,,,,,
2026-04-28,2026-04-28,FO,NSE,STO,141578,,PIDILITIND,,2026-04-28,2026-04-28,1250.00,PE,PIDILITIND26APR1250PE,0.40,0.40,0.15,0.15,0.15,0.25,1392.60,1392.60,33000,1500,8,5000875.00,6,F1,500,,,,,
2026-04-28,2026-04-28,FO,NSE,STO,141593,,PIDILITIND,,2026-04-28,2026-04-28,1370.00,PE,PIDILITIND26APR1370PE,0.30,0.90,0.05,0.35,0.35,1.05,1392.60,1392.60,21500,-7000,49,33571700.00,28,F1,500,,,,,
2026-04-28,2026-04-28,FO,NSE,STO,141605,,PIDILITIND,,2026-04-28,2026-04-28,1490.00,PE,PIDILITIND26APR1490PE,0.00,0.00,0.00,48.10,0.00,48.10,1392.60,1392.60,0,0,0,0.00,0,F1,500,,,,,
2026-04-28,2026-04-28,FO,NSE,STO,161287,,PIDILITIND,,2026-05-26,2026-05-26,1270.00,CE,PIDILITIND26MAY1270CE,0.00,0.00,0.00,65.00,0.00,65.00,1392.60,132.15,0,0,0,0.00,0,F1,500,,,,,
2026-04-28,2026-04-28,FO,NSE,STO,161712,,PIDILITIND,,2026-06-30,2026-06-30,1480.00,PE,PIDILITIND26JUN1480PE,0.00,0.00,0.00,182.70,0.00,182.70,1392.60,103.50,0,0,0,0.00,0,F1,500,,,,,
2026-04-28,2026-04-28,FO,NSE,STO,161706,,PIDILITIND,,2026-06-30,2026-06-30,1420.00,PE,PIDILITIND26JUN1420PE,0.00,0.00,0.00,134.80,0.00,134.80,1392.60,66.20,0,0,0,0.00,0,F1,500,,,,,
2026-04-28,2026-04-28,FO,NSE,STO,161700,,PIDILITIND,,2026-06-30,2026-06-30,1360.00,PE,PIDILITIND26JUN1360PE,0.00,0.00,0.00,93.05,0.00,93.05,1392.60,38.05,0,0,0,0.00,0,F1,500,,,,,
2026-04-28,2026-04-28,FO,NSE,STO,141761,,PIDILITIND,,2026-05-26,2026-05-26,1480.00,PE,PIDILITIND26MAY1480PE,94.00,94.00,94.00,94.00,94.00,86.00,1392.60,93.45,6500,500,1,787000.00,1,F1,500,,,,,
2026-04-28,2026-04-28,FO,NSE,STO,161604,,PIDILITIND,,2026-05-26,2026-05-26,1410.00,PE,PIDILITIND26MAY1410PE,0.00,0.00,0.00,41.85,41.85,41.85,1392.60,45.80,4500,0,0,0.00,0,F1,500,,,,,
2026-04-28,2026-04-28,FO,NSE,STO,141727,,PIDILITIND,,2026-05-26,2026-05-26,1320.00,PE,PIDILITIND26MAY1320PE,0.00,0.00,0.00,14.55,14.55,14.55,1392.60,11.50,1000,0,0,0.00,0,F1,500,,,,,
2026-04-28,2026-04-28,FO,NSE,STO,150582,,PIDILITIND,,2026-04-28,2026-04-28,1140.00,CE,PIDILITIND26APR1140CE,0.00,0.00,0.00,325.05,0.00,325.05,1392.60,1392.60,0,0,0,0.00,0,F1,500,,,,,
2026-04-28,2026-04-28,FO,NSE,STO,150613,,PIDILITIND,,2026-04-28,2026-04-28,1180.00,CE,PIDILITIND26APR1180CE,0.00,0.00,0.00,286.25,0.00,286.25,1392.60,1392.60,0,0,0,0.00,0,F1,500,,,,,
2026-04-28,2026-04-28,FO,NSE,STO,141571,,PIDILITIND,,2026-04-28,2026-04-28,1190.00,CE,PIDILITIND26APR1190CE,0.00,0.00,0.00,304.30,0.00,304.30,1392.60,1392.60,0,0,0,0.00,0,F1,500,,,,,
2026-04-28,2026-04-28,FO,NSE,STO,150710,,PIDILITIND,,2026-04-28,2026-04-28,1720.00,CE,PIDILITIND26APR1720CE,0.00,0.00,0.00,0.20,0.20,0.20,1392.60,1392.60,4000,0,0,0.00,0,F1,500,,,,,
2026-04-28,2026-04-28,FO,NSE,STO,141708,,PIDILITIND,,2026-05-26,2026-05-26,1140.00,CE,PIDILITIND26MAY1140CE,0.00,0.00,0.00,359.45,0.00,359.45,1392.60,257.75,0,0,0,0.00,0,F1,500,,,,,
2026-04-28,2026-04-28,FO,NSE,STO,141712,,PIDILITIND,,2026-05-26,2026-05-26,1180.00,CE,PIDILITIND26MAY1180CE,0.00,0.00,0.00,320.45,0.00,320.45,1392.60,218.15,0,0,0,0.00,0,F1,500,,,,,
2026-04-28,2026-04-28,FO,NSE,STO,161622,,PIDILITIND,,2026-05-26,2026-05-26,1550.00,PE,PIDILITIND26MAY1550PE,0.00,0.00,0.00,249.75,0.00,249.75,1392.60,154.15,0,0,0,0.00,0,F1,500,,,,,
2026-04-28,2026-04-28,FO,NSE,STO,161710,,PIDILITIND,,2026-06-30,2026-06-30,1460.00,PE,PIDILITIND26JUN1460PE,0.00,0.00,0.00,166.15,0.00,166.15,1392.60,90.10,0,0,0,0.00,0,F1,500,,,,,
2026-04-28,2026-04-28,FO,NSE,STO,150660,,PIDILITIND,,2026-04-28,2026-04-28,1220.00,CE,PIDILITIND26APR1220CE,0.00,0.00,0.00,248.15,0.00,248.15,1392.60,1392.60,0,0,0,0.00,0,F1,500,,,,,
2026-04-28,2026-04-28,FO,NSE,STO,150674,,PIDILITIND,,2026-04-28,2026-04-28,1360.00,CE,PIDILITIND26APR1360CE,41.00,41.35,27.45,30.15,27.45,40.00,1392.60,1392.60,30000,-1500,6,4188975.00,6,F1,500,,,,,
2026-04-28,2026-04-28,FO,NSE,STO,150676,,PIDILITIND,,2026-04-28,2026-04-28,1380.00,CE,PIDILITIND26APR1380CE,22.00,25.00,9.70,15.00,10.00,21.55,1392.60,1392.60,17000,-5500,36,25145175.00,33,F1,500,,,,,
2026-04-28,2026-04-28,FO,NSE,STO,141594,,PIDILITIND,,2026-04-28,2026-04-28,1390.00,CE,PIDILITIND26APR1390CE,12.75,12.75,5.15,8.00,8.00,14.00,1392.60,1392.60,24500,-5500,11,7693500.00,11,F1,500,,,,,
2026-04-28,2026-04-28,FO,NSE,STO,150684,,PIDILITIND,,2026-04-28,2026-04-28,1460.00,CE,PIDILITIND26APR1460CE,0.05,0.10,0.05,0.05,0.05,0.10,1392.60,1392.60,159500,-1500,11,8030300.00,6,F1,500,,,,,
2026-04-28,2026-04-28,FO,NSE,STO,150686,,PIDILITIND,,2026-04-28,2026-04-28,1480.00,CE,PIDILITIND26APR1480CE,0.10,0.20,0.05,0.20,0.20,0.10,1392.60,1392.60,70500,-1500,5,3700250.00,5,F1,500,,,,,
2026-04-28,2026-04-28,FO,NSE,STO,141612,,PIDILITIND,,2026-04-28,2026-04-28,1570.00,CE,PIDILITIND26APR1570CE,0.00,0.00,0.00,24.85,0.00,24.85,1392.60,1392.60,0,0,0,0.00,0,F1,500,,,,,
2026-04-28,2026-04-28,FO,NSE,STO,141614,,PIDILITIND,,2026-04-28,2026-04-28,1590.00,CE,PIDILITIND26APR1590CE,0.00,0.00,0.00,19.85,0.00,19.85,1392.60,1392.60,0,0,0,0.00,0,F1,500,,,,,
2026-04-28,2026-04-28,FO,NSE,STO,161299,,PIDILITIND,,2026-05-26,2026-05-26,1310.00,CE,PIDILITIND26MAY1310CE,0.00,0.00,0.00,103.45,103.45,103.45,1392.60,97.85,1000,0,0,0.00,0,F1,500,,,,,
2026-04-28,2026-04-28,FO,NSE,STO,161601,,PIDILITIND,,2026-05-26,2026-05-26,1390.00,CE,PIDILITIND26MAY1390CE,50.00,52.00,50.00,52.00,52.00,53.60,1392.60,52.00,6500,500,2,1441000.00,2,F1,500,,,,,
2026-04-28,2026-04-28,FO,NSE,STO,161607,,PIDILITIND,,2026-05-26,2026-05-26,1450.00,CE,PIDILITIND26MAY1450CE,24.65,26.00,21.50,22.25,22.85,25.50,1392.60,22.25,28500,9500,27,19890600.00,18,F1,500,,,,,
2026-04-28,2026-04-28,FO,NSE,STO,161623,,PIDILITIND,,2026-05-26,2026-05-26,1570.00,CE,PIDILITIND26MAY1570CE,0.00,0.00,0.00,4.65,4.65,4.65,1392.60,2.40,500,0,0,0.00,0,F1,500,,,,,
2026-04-28,2026-04-28,FO,NSE,STO,161713,,PIDILITIND,,2026-06-30,2026-06-30,1500.00,CE,PIDILITIND26JUN1500CE,0.00,0.00,0.00,11.60,0.00,11.60,1392.60,26.45,0,0,0,0.00,0,F1,500,,,,,
2026-04-28,2026-04-28,FO,NSE,STO,161717,,PIDILITIND,,2026-06-30,2026-06-30,1540.00,CE,PIDILITIND26JUN1540CE,0.00,0.00,0.00,7.60,0.00,7.60,1392.60,17.70,0,0,0,0.00,0,F1,500,,,,,
2026-04-28,2026-04-28,FO,NSE,STO,150583,,PIDILITIND,,2026-04-28,2026-04-28,1140.00,PE,PIDILITIND26APR1140PE,0.05,0.10,0.05,0.10,0.10,0.05,1392.60,1392.60,25000,-6000,14,7980525.00,13,F1,500,,,,,
2026-04-28,2026-04-28,FO,NSE,STO,150667,,PIDILITIND,,2026-04-28,2026-04-28,1280.00,PE,PIDILITIND26APR1280PE,0.30,0.30,0.30,0.30,0.30,0.30,1392.60,1392.60,32500,-500,10,6401500.00,4,F1,500,,,,,
2026-04-28,2026-04-28,FO,NSE,STO,141585,,PIDILITIND,,2026-04-28,2026-04-28,1290.00,PE,PIDILITIND26APR1290PE,0.05,0.05,0.05,0.05,0.05,0.10,1392.60,1392.60,26000,500,1,645025.00,1,F1,500,,,,,
2026-04-28,2026-04-28,FO,NSE,STO,150681,,PIDILITIND,,2026-04-28,2026-04-28,1420.00,PE,PIDILITIND26APR1420PE,21.20,29.75,19.30,29.75,29.75,23.20,1392.60,1392.60,11000,-1000,12,8647175.00,12,F1,500,,,,,
2026-04-28,2026-04-28,FO,NSE,STO,141715,,PIDILITIND,,2026-05-26,2026-05-26,1200.00,PE,PIDILITIND26MAY1200PE,2.55,2.55,2.55,2.55,2.55,2.40,1392.60,0.55,25500,500,2,1202550.00,2,F1,500,,,,,
2026-04-28,2026-04-28,FO,NSE,STO,141721,,PIDILITIND,,2026-05-26,2026-05-26,1260.00,PE,PIDILITIND26MAY1260PE,0.00,0.00,0.00,2.75,0.00,2.75,1392.60,3.10,0,0,0,0.00,0,F1,500,,,,,
2026-04-28,2026-04-28,FO,NSE,STO,161436,,PIDILITIND,,2026-05-26,2026-05-26,1330.00,PE,PIDILITIND26MAY1330PE,0.00,0.00,0.00,66.85,0.00,66.85,1392.60,13.85,0,0,0,0.00,0,F1,500,,,,,
2026-04-28,2026-04-28,FO,NSE,STO,141763,,PIDILITIND,,2026-05-26,2026-05-26,1500.00,PE,PIDILITIND26MAY1500PE,105.50,111.05,100.85,111.05,111.05,104.50,1392.60,111.05,17500,2500,9,7225975.00,9,F1,500,,,,,
2026-04-28,2026-04-28,FO,NSE,STO,141931,,PIDILITIND,,2026-05-26,2026-05-26,1600.00,PE,PIDILITIND26MAY1600PE,0.00,0.00,0.00,121.35,0.00,121.35,1392.60,201.60,0,0,0,0.00,0,F1,500,,,,,
2026-04-28,2026-04-28,FO,NSE,STO,141883,,PIDILITIND,,2026-05-26,2026-05-26,1580.00,PE,PIDILITIND26MAY1580PE,0.00,0.00,0.00,107.25,0.00,107.25,1392.60,182.35,0,0,0,0.00,0,F1,500,,,,,
2026-04-28,2026-04-28,FO,NSE,STO,161608,,PIDILITIND,,2026-05-26,2026-05-26,1450.00,PE,PIDILITIND26MAY1450PE,0.00,0.00,0.00,67.00,67.00,67.00,1392.60,71.00,2000,0,0,0.00,0,F1,500,,,,,
2026-04-28,2026-04-28,FO,NSE,STO,141737,,PIDILITIND,,2026-05-26,2026-05-26,1400.00,PE,PIDILITIND26MAY1400PE,38.25,45.00,36.75,42.75,41.25,38.25,1392.60,42.75,127500,63500,199,143315100.00,127,F1,500,,,,,
2026-04-28,2026-04-28,FO,NSE,STO,141733,,PIDILITIND,,2026-05-26,2026-05-26,1360.00,PE,PIDILITIND26MAY1360PE,24.50,24.50,23.35,23.35,23.35,24.50,1392.60,23.35,3000,500,2,1383925.00,2,F1,500,,,,,
2026-04-28,2026-04-28,FO,NSE,STO,141725,,PIDILITIND,,2026-05-26,2026-05-26,1300.00,PE,PIDILITIND26MAY1300PE,9.50,11.75,9.45,10.70,10.95,9.55,1392.60,10.70,41000,-5500,101,66198500.00,74,F1,500,,,,,
2026-04-28,2026-04-28,FO,NSE,STO,161298,,PIDILITIND,,2026-05-26,2026-05-26,1290.00,PE,PIDILITIND26MAY1290PE,9.95,9.95,9.95,9.95,9.95,29.70,1392.60,9.95,1500,500,1,649975.00,1,F1,500,,,,,
2026-04-28,2026-04-28,FO,NSE,STO,161282,,PIDILITIND,,2026-05-26,2026-05-26,1210.00,PE,PIDILITIND26MAY1210PE,0.00,0.00,0.00,16.20,0.00,16.20,1392.60,0.75,0,0,0,0.00,0,F1,500,,,,,
2026-04-28,2026-04-28,FO,NSE,STO,161280,,PIDILITIND,,2026-05-26,2026-05-26,1190.00,PE,PIDILITIND26MAY1190PE,0.00,0.00,0.00,2.50,2.50,2.50,1392.60,0.40,6000,0,0,0.00,0,F1,500,,,,,
2026-04-28,2026-04-28,FO,NSE,STO,150709,,PIDILITIND,,2026-04-28,2026-04-28,1700.00,PE,PIDILITIND26APR1700PE,0.00,0.00,0.00,293.00,293.00,293.00,1392.60,1392.60,500,0,0,0.00,0,F1,500,,,,,
2026-04-28,2026-04-28,FO,NSE,STO,150691,,PIDILITIND,,2026-04-28,2026-04-28,1520.00,PE,PIDILITIND26APR1520PE,128.00,128.00,127.00,127.00,127.00,128.20,1392.60,1392.60,2000,0,2,1647500.00,2,F1,500,,,,,
2026-04-28,2026-04-28,FO,NSE,STO,150687,,PIDILITIND,,2026-04-28,2026-04-28,1480.00,PE,PIDILITIND26APR1480PE,88.00,88.00,88.00,88.00,88.00,82.60,1392.60,1392.60,3000,0,1,784000.00,1,F1,500,,,,,
2026-04-28,2026-04-28,FO,NSE,STO,141589,,PIDILITIND,,2026-04-28,2026-04-28,1330.00,PE,PIDILITIND26APR1330PE,0.30,0.30,0.10,0.10,0.10,0.75,1392.60,1392.60,26000,-3500,14,9311325.00,12,F1,500,,,,,
2026-04-28,2026-04-28,FO,NSE,STO,161705,,PIDILITIND,,2026-06-30,2026-06-30,1420.00,CE,PIDILITIND26JUN1420CE,0.00,0.00,0.00,25.25,0.00,25.25,1392.60,54.05,0,0,0,0.00,0,F1,500,,,,,
2026-04-28,2026-04-28,FO,NSE,STO,161613,,PIDILITIND,,2026-05-26,2026-05-26,1510.00,CE,PIDILITIND26MAY1510CE,0.00,0.00,0.00,3.55,0.00,3.55,1392.60,7.60,0,0,0,0.00,0,F1,500,,,,,
2026-04-28,2026-04-28,FO,NSE,STO,141738,,PIDILITIND,,2026-05-26,2026-05-26,1420.00,CE,PIDILITIND26MAY1420CE,36.00,38.00,31.70,33.55,32.55,39.00,1392.60,33.55,15500,9000,26,18932150.00,18,F1,500,,,,,
2026-04-28,2026-04-28,FO,NSE,STO,161437,,PIDILITIND,,2026-05-26,2026-05-26,1350.00,CE,PIDILITIND26MAY1350CE,72.95,74.50,72.95,74.00,74.00,74.00,1392.60,68.10,5000,1500,3,2135725.00,3,F1,500,,,,,
2026-04-28,2026-04-28,FO,NSE,STO,150690,,PIDILITIND,,2026-04-28,2026-04-28,1520.00,CE,PIDILITIND26APR1520CE,0.95,0.95,0.35,0.35,0.35,40.70,1392.60,1392.60,1000,1000,2,1520650.00,2,F1,500,,,,,
2026-04-28,2026-04-28,FO,NSE,STO,141606,,PIDILITIND,,2026-04-28,2026-04-28,1510.00,CE,PIDILITIND26APR1510CE,0.00,0.00,0.00,0.25,0.25,0.25,1392.60,1392.60,4500,0,0,0.00,0,F1,500,,,,,
2026-04-28,2026-04-28,FO,NSE,STO,141598,,PIDILITIND,,2026-04-28,2026-04-28,1430.00,CE,PIDILITIND26APR1430CE,0.60,1.80,0.05,0.05,0.05,0.60,1392.60,1392.60,21000,-2500,39,27894775.00,29,F1,500,,,,,
2026-04-28,2026-04-28,FO,NSE,STO,141575,,PIDILITIND,,2026-04-28,2026-04-28,1230.00,CE,PIDILITIND26APR1230CE,0.00,0.00,0.00,159.70,159.70,159.70,1392.60,1392.60,1000,0,0,0.00,0,F1,500,,,,,
2026-04-28,2026-04-28,FO,NSE,STO,141529,,PIDILITIND,,2026-04-28,2026-04-28,1170.00,CE,PIDILITIND26APR1170CE,0.00,0.00,0.00,324.00,0.00,324.00,1392.60,1392.60,0,0,0,0.00,0,F1,500,,,,,
2026-04-28,2026-04-28,FO,NSE,STO,141527,,PIDILITIND,,2026-04-28,2026-04-28,1150.00,CE,PIDILITIND26APR1150CE,0.00,0.00,0.00,343.70,0.00,343.70,1392.60,1392.60,0,0,0,0.00,0,F1,500,,,,,
2026-04-28,2026-04-28,FO,NSE,STO,161632,,PIDILITIND,,2026-05-26,2026-05-26,1590.00,PE,PIDILITIND26MAY1590PE,0.00,0.00,0.00,197.85,197.85,197.85,1392.60,191.95,500,0,0,0.00,0,F1,500,,,,,
2026-04-28,2026-04-28,FO,NSE,STO,161694,,PIDILITIND,,2026-06-30,2026-06-30,1300.00,PE,PIDILITIND26JUN1300PE,0.00,0.00,0.00,59.05,0.00,59.05,1392.60,19.20,0,0,0,0.00,0,F1,500,,,,,
2026-04-28,2026-04-28,FO,NSE,STO,161714,,PIDILITIND,,2026-06-30,2026-06-30,1500.00,PE,PIDILITIND26JUN1500PE,0.00,0.00,0.00,199.70,0.00,199.70,1392.60,117.75,0,0,0,0.00,0,F1,500,,,,,
2026-04-28,2026-04-28,FO,NSE,STO,161716,,PIDILITIND,,2026-06-30,2026-06-30,1520.00,PE,PIDILITIND26JUN1520PE,0.00,0.00,0.00,217.15,0.00,217.15,1392.60,132.85,0,0,0,0.00,0,F1,500,,,,,
2026-04-28,2026-04-28,FO,NSE,STO,161718,,PIDILITIND,,2026-06-30,2026-06-30,1540.00,PE,PIDILITIND26JUN1540PE,0.00,0.00,0.00,235.00,0.00,235.00,1392.60,148.55,0,0,0,0.00,0,F1,500,,,,,
2026-04-28,2026-04-28,FO,NSE,STO,161720,,PIDILITIND,,2026-06-30,2026-06-30,1560.00,PE,PIDILITIND26JUN1560PE,0.00,0.00,0.00,253.15,0.00,253.15,1392.60,164.95,0,0,0,0.00,0,F1,500,,,,,
2026-04-28,2026-04-28,FO,NSE,STO,141591,,PIDILITIND,,2026-04-28,2026-04-28,1350.00,PE,PIDILITIND26APR1350PE,0.45,0.50,0.05,0.50,0.50,0.55,1392.60,1392.60,71500,-1500,40,27003425.00,33,F1,500,,,,,
2026-04-28,2026-04-28,FO,NSE,STO,150675,,PIDILITIND,,2026-04-28,2026-04-28,1360.00,PE,PIDILITIND26APR1360PE,0.30,0.60,0.05,0.05,0.05,0.85,1392.60,1392.60,71500,-6500,80,54413400.00,54,F1,500,,,,,
2026-04-28,2026-04-28,FO,NSE,STO,141595,,PIDILITIND,,2026-04-28,2026-04-28,1390.00,PE,PIDILITIND26APR1390PE,2.40,5.50,1.00,1.60,1.00,4.00,1392.60,1392.60,71000,30000,168,117020575.00,128,F1,500,,,,,
2026-04-28,2026-04-28,FO,NSE,STO,141597,,PIDILITIND,,2026-04-28,2026-04-28,1410.00,PE,PIDILITIND26APR1410PE,15.00,17.60,10.95,17.60,17.60,13.90,1392.60,1392.60,2500,500,7,4985825.00,6,F1,500,,,,,
2026-04-28,2026-04-28,FO,NSE,STO,150685,,PIDILITIND,,2026-04-28,2026-04-28,1460.00,PE,PIDILITIND26APR1460PE,0.00,0.00,0.00,64.00,64.00,64.00,1392.60,1392.60,2500,0,0,0.00,0,F1,500,,,,,
2026-04-28,2026-04-28,FO,NSE,STO,141609,,PIDILITIND,,2026-04-28,2026-04-28,1530.00,PE,PIDILITIND26APR1530PE,0.00,0.00,0.00,111.25,111.25,111.25,1392.60,1392.60,1000,0,0,0.00,0,F1,500,,,,,
2026-04-28,2026-04-28,FO,NSE,STO,141709,,PIDILITIND,,2026-05-26,2026-05-26,1140.00,PE,PIDILITIND26MAY1140PE,0.00,0.00,0.00,0.20,0.00,0.20,1392.60,0.10,0,0,0,0.00,0,F1,500,,,,,
2026-04-28,2026-04-28,FO,NSE,STO,141723,,PIDILITIND,,2026-05-26,2026-05-26,1280.00,PE,PIDILITIND26MAY1280PE,7.15,7.15,7.15,7.15,7.15,20.35,1392.60,4.95,1500,500,1,643575.00,1,F1,500,,,,,
2026-04-28,2026-04-28,FO,NSE,STO,161598,,PIDILITIND,,2026-05-26,2026-05-26,1350.00,PE,PIDILITIND26MAY1350PE,20.00,23.50,19.80,22.00,22.25,19.95,1392.60,22.00,27500,5000,43,29482125.00,23,F1,500,,,,,
2026-04-28,2026-04-28,FO,NSE,STO,161602,,PIDILITIND,,2026-05-26,2026-05-26,1390.00,PE,PIDILITIND26MAY1390PE,36.95,40.05,36.95,38.10,38.15,32.70,1392.60,38.10,9500,8500,24,17136125.00,14,F1,500,,,,,
2026-04-28,2026-04-28,FO,NSE,STO,141572,,PIDILITIND,,2026-04-28,2026-04-28,1190.00,PE,PIDILITIND26APR1190PE,0.00,0.00,0.00,7.95,7.95,7.95,1392.60,1392.60,1000,0,0,0.00,0,F1,500,,,,,
2026-04-28,2026-04-28,FO,NSE,STO,150610,,PIDILITIND,,2026-04-28,2026-04-28,1160.00,PE,PIDILITIND26APR1160PE,0.00,0.00,0.00,0.05,0.05,0.05,1392.60,1392.60,6500,0,0,0.00,0,F1,500,,,,,
2026-04-28,2026-04-28,FO,NSE,STO,161715,,PIDILITIND,,2026-06-30,2026-06-30,1520.00,CE,PIDILITIND26JUN1520CE,0.00,0.00,0.00,9.40,0.00,9.40,1392.60,21.75,0,0,0,0.00,0,F1,500,,,,,
2026-04-28,2026-04-28,FO,NSE,STO,161693,,PIDILITIND,,2026-06-30,2026-06-30,1300.00,CE,PIDILITIND26JUN1300CE,0.00,0.00,0.00,67.35,0.00,67.35,1392.60,125.75,0,0,0,0.00,0,F1,500,,,,,
2026-04-28,2026-04-28,FO,NSE,STO,141758,,PIDILITIND,,2026-05-26,2026-05-26,1480.00,CE,PIDILITIND26MAY1480CE,16.00,17.40,12.00,13.20,14.60,17.35,1392.60,13.20,15000,2000,56,41838650.00,36,F1,500,,,,,
2026-04-28,2026-04-28,FO,NSE,STO,161605,,PIDILITIND,,2026-05-26,2026-05-26,1430.00,CE,PIDILITIND26MAY1430CE,33.00,33.00,29.15,29.15,29.15,27.00,1392.60,26.60,3000,500,3,2191350.00,3,F1,500,,,,,
2026-04-28,2026-04-28,FO,NSE,STO,161285,,PIDILITIND,,2026-05-26,2026-05-26,1250.00,CE,PIDILITIND26MAY1250CE,0.00,0.00,0.00,77.00,0.00,77.00,1392.60,150.55,0,0,0,0.00,0,F1,500,,,,,
2026-04-28,2026-04-28,FO,NSE,STO,161283,,PIDILITIND,,2026-05-26,2026-05-26,1230.00,CE,PIDILITIND26MAY1230CE,0.00,0.00,0.00,90.20,0.00,90.20,1392.60,169.45,0,0,0,0.00,0,F1,500,,,,,
2026-04-28,2026-04-28,FO,NSE,STO,141716,,PIDILITIND,,2026-05-26,2026-05-26,1220.00,CE,PIDILITIND26MAY1220CE,0.00,0.00,0.00,281.85,0.00,281.85,1392.60,179.05,0,0,0,0.00,0,F1,500,,,,,
2026-04-28,2026-04-28,FO,NSE,STO,141592,,PIDILITIND,,2026-04-28,2026-04-28,1370.00,CE,PIDILITIND26APR1370CE,23.60,26.00,23.60,26.00,26.00,24.65,1392.60,1392.60,16500,-5000,18,12544750.00,11,F1,500,,,,,
2026-04-28,2026-04-28,FO,NSE,STO,150662,,PIDILITIND,,2026-04-28,2026-04-28,1240.00,CE,PIDILITIND26APR1240CE,0.00,0.00,0.00,229.50,0.00,229.50,1392.60,1392.60,0,0,0,0.00,0,F1,500,,,,,
2026-04-28,2026-04-28,FO,NSE,STO,141573,,PIDILITIND,,2026-04-28,2026-04-28,1210.00,CE,PIDILITIND26APR1210CE,0.00,0.00,0.00,164.20,164.20,164.20,1392.60,1392.60,1000,0,0,0.00,0,F1,500,,,,,
2026-04-28,2026-04-28,FO,NSE,STO,161626,,PIDILITIND,,2026-05-26,2026-05-26,1570.00,PE,PIDILITIND26MAY1570PE,0.00,0.00,0.00,269.00,0.00,269.00,1392.60,172.85,0,0,0,0.00,0,F1,500,,,,,
2026-04-28,2026-04-28,FO,NSE,STO,161680,,PIDILITIND,,2026-06-30,2026-06-30,1160.00,PE,PIDILITIND26JUN1160PE,0.00,0.00,0.00,13.10,0.00,13.10,1392.60,1.95,0,0,0,0.00,0,F1,500,,,,,
2026-04-28,2026-04-28,FO,NSE,STO,161688,,PIDILITIND,,2026-06-30,2026-06-30,1240.00,PE,PIDILITIND26JUN1240PE,0.00,0.00,0.00,33.80,0.00,33.80,1392.60,8.25,0,0,0,0.00,0,F1,500,,,,,
2026-04-28,2026-04-28,FO,NSE,STO,161692,,PIDILITIND,,2026-06-30,2026-06-30,1280.00,PE,PIDILITIND26JUN1280PE,0.00,0.00,0.00,49.65,0.00,49.65,1392.60,14.75,0,0,0,0.00,0,F1,500,,,,,
2026-04-28,2026-04-28,FO,NSE,STO,161675,,PIDILITIND,,2026-06-30,2026-06-30,1120.00,CE,PIDILITIND26JUN1120CE,0.00,0.00,0.00,192.40,0.00,192.40,1392.60,285.45,0,0,0,0.00,0,F1,500,,,,,
2026-04-28,2026-04-28,FO,NSE,STO,161671,,PIDILITIND,,2026-06-30,2026-06-30,1080.00,CE,PIDILITIND26JUN1080CE,0.00,0.00,0.00,228.10,0.00,228.10,1392.60,324.50,0,0,0,0.00,0,F1,500,,,,,
2026-04-28,2026-04-28,FO,NSE,STO,161722,,PIDILITIND,,2026-06-30,2026-06-30,1580.00,PE,PIDILITIND26JUN1580PE,0.00,0.00,0.00,271.55,0.00,271.55,1392.60,181.90,0,0,0,0.00,0,F1,500,,,,,
2026-04-28,2026-04-28,FO,NSE,STO,141933,,PIDILITIND,,2026-05-26,2026-05-26,1620.00,PE,PIDILITIND26MAY1620PE,0.00,0.00,0.00,136.25,0.00,136.25,1392.60,221.05,0,0,0,0.00,0,F1,500,,,,,
2026-04-28,2026-04-28,FO,NSE,STO,141879,,PIDILITIND,,2026-05-26,2026-05-26,1560.00,PE,PIDILITIND26MAY1560PE,0.00,0.00,0.00,155.00,155.00,155.00,1392.60,163.45,3000,0,0,0.00,0,F1,500,,,,,
2026-04-28,2026-04-28,FO,NSE,STO,161611,,PIDILITIND,,2026-05-26,2026-05-26,1490.00,CE,PIDILITIND26MAY1490CE,0.00,0.00,0.00,15.05,15.05,15.05,1392.60,10.75,1500,0,0,0.00,0,F1,500,,,,,
2026-04-28,2026-04-28,FO,NSE,STO,150664,,PIDILITIND,,2026-04-28,2026-04-28,1260.00,CE,PIDILITIND26APR1260CE,0.00,0.00,0.00,80.00,84.00,80.00,1392.60,1392.60,0,0,0,0.00,0,F1,500,,,,,
2026-04-28,2026-04-28,FO,NSE,STO,141726,,PIDILITIND,,2026-05-26,2026-05-26,1320.00,CE,PIDILITIND26MAY1320CE,0.00,0.00,0.00,189.80,0.00,189.80,1392.60,89.95,0,0,0,0.00,0,F1,500,,,,,
2026-04-28,2026-04-28,FO,NSE,STO,141610,,PIDILITIND,,2026-04-28,2026-04-28,1550.00,CE,PIDILITIND26APR1550CE,0.00,0.00,0.00,0.35,0.35,0.35,1392.60,1392.60,2500,0,0,0.00,0,F1,500,,,,,
2026-04-28,2026-04-28,FO,NSE,STO,150682,,PIDILITIND,,2026-04-28,2026-04-28,1440.00,CE,PIDILITIND26APR1440CE,0.25,7.20,0.05,0.05,0.05,0.35,1392.60,1392.60,19500,-13500,61,43936150.00,49,F1,500,,,,,
2026-04-28,2026-04-28,FO,NSE,STO,150701,,PIDILITIND,,2026-04-28,2026-04-28,1620.00,PE,PIDILITIND26APR1620PE,0.00,0.00,0.00,163.75,0.00,163.75,1392.60,1392.60,0,0,0,0.00,0,F1,500,,,,,
2026-04-28,2026-04-28,FO,NSE,STO,141596,,PIDILITIND,,2026-04-28,2026-04-28,1410.00,CE,PIDILITIND26APR1410CE,0.50,3.90,0.15,1.45,0.15,4.30,1392.60,1392.60,9000,-11500,52,36696450.00,43,F1,500,,,,,
2026-04-28,2026-04-28,FO,NSE,STO,150697,,PIDILITIND,,2026-04-28,2026-04-28,1580.00,PE,PIDILITIND26APR1580PE,0.00,0.00,0.00,132.20,0.00,132.20,1392.60,1392.60,0,0,0,0.00,0,F1,500,,,,,
2026-04-28,2026-04-28,FO,NSE,STO,150614,,PIDILITIND,,2026-04-28,2026-04-28,1180.00,PE,PIDILITIND26APR1180PE,0.00,0.00,0.00,9.30,9.30,9.30,1392.60,1392.60,500,0,0,0.00,0,F1,500,,,,,
2026-04-28,2026-04-28,FO,NSE,STO,141570,,PIDILITIND,,2026-04-28,2026-04-28,1170.00,PE,PIDILITIND26APR1170PE,0.00,0.00,0.00,7.30,7.30,7.30,1392.60,1392.60,1000,0,0,0.00,0,F1,500,,,,,
2026-04-28,2026-04-28,FO,NSE,STO,150658,,PIDILITIND,,2026-04-28,2026-04-28,1200.00,CE,PIDILITIND26APR1200CE,194.00,194.00,191.00,193.00,193.00,185.40,1392.60,1392.60,2000,-5500,15,10450300.00,8,F1,500,,,,,
2026-04-28,2026-04-28,FO,NSE,STO,161701,,PIDILITIND,,2026-06-30,2026-06-30,1380.00,CE,PIDILITIND26JUN1380CE,0.00,0.00,0.00,35.85,0.00,35.85,1392.60,73.80,0,0,0,0.00,0,F1,500,,,,,
2026-04-28,2026-04-28,FO,NSE,STO,161697,,PIDILITIND,,2026-06-30,2026-06-30,1340.00,CE,PIDILITIND26JUN1340CE,0.00,0.00,0.00,49.80,0.00,49.80,1392.60,97.75,0,0,0,0.00,0,F1,500,,,,,
2026-04-28,2026-04-28,FO,NSE,STO,161687,,PIDILITIND,,2026-06-30,2026-06-30,1240.00,CE,PIDILITIND26JUN1240CE,0.00,0.00,0.00,101.00,0.00,101.00,1392.60,174.15,0,0,0,0.00,0,F1,500,,,,,
2026-04-28,2026-04-28,FO,NSE,STO,141873,,PIDILITIND,,2026-05-26,2026-05-26,1540.00,PE,PIDILITIND26MAY1540PE,0.00,0.00,0.00,136.00,136.00,136.00,1392.60,144.95,500,0,0,0.00,0,F1,500,,,,,
2026-04-28,2026-04-28,FO,NSE,STO,141735,,PIDILITIND,,2026-05-26,2026-05-26,1380.00,PE,PIDILITIND26MAY1380PE,30.80,33.00,30.80,33.00,33.00,28.00,1392.60,33.00,18000,0,14,9883050.00,8,F1,500,,,,,
2026-04-28,2026-04-28,FO,NSE,STF,66331,,PIDILITIND,,2026-05-26,2026-05-26,,,PIDILITIND26MAYFUT,1402.10,1411.60,1392.80,1397.60,1400.00,1408.20,1392.60,1397.60,6954500,214500,1650,1155376550.00,1164,F1,500,,,,,
2026-04-28,2026-04-28,FO,NSE,STO,150670,,PIDILITIND,,2026-04-28,2026-04-28,1320.00,CE,PIDILITIND26APR1320CE,0.00,0.00,0.00,82.50,82.50,82.50,1392.60,1392.60,25000,0,0,0.00,0,F1,500,,,,,
2026-04-28,2026-04-28,FO,NSE,STO,150672,,PIDILITIND,,2026-04-28,2026-04-28,1340.00,CE,PIDILITIND26APR1340CE,0.00,0.00,0.00,52.45,52.45,52.45,1392.60,1392.60,27000,0,0,0.00,0,F1,500,,,,,
2026-04-28,2026-04-28,FO,NSE,STO,141604,,PIDILITIND,,2026-04-28,2026-04-28,1490.00,CE,PIDILITIND26APR1490CE,0.00,0.00,0.00,0.05,0.05,0.05,1392.60,1392.60,500,0,0,0.00,0,F1,500,,,,,
2026-04-28,2026-04-28,FO,NSE,STO,141754,,PIDILITIND,,2026-05-26,2026-05-26,1440.00,CE,PIDILITIND26MAY1440CE,26.00,26.00,26.00,26.00,26.00,26.00,1392.60,23.15,1500,0,1,733000.00,1,F1,500,,,,,
2026-04-28,2026-04-28,FO,NSE,STO,161609,,PIDILITIND,,2026-05-26,2026-05-26,1470.00,CE,PIDILITIND26MAY1470CE,0.00,0.00,0.00,24.50,24.50,24.50,1392.60,14.85,500,0,0,0.00,0,F1,500,,,,,
2026-04-28,2026-04-28,FO,NSE,STO,150663,,PIDILITIND,,2026-04-28,2026-04-28,1240.00,PE,PIDILITIND26APR1240PE,0.10,0.55,0.10,0.15,0.15,0.35,1392.60,1392.60,19500,-3500,16,9921250.00,11,F1,500,,,,,
2026-04-28,2026-04-28,FO,NSE,STO,150688,,PIDILITIND,,2026-04-28,2026-04-28,1500.00,CE,PIDILITIND26APR1500CE,0.10,0.10,0.05,0.05,0.05,0.10,1392.60,1392.60,62000,-8000,18,13500600.00,13,F1,500,,,,,
2026-04-28,2026-04-28,FO,NSE,STO,141579,,PIDILITIND,,2026-04-28,2026-04-28,1270.00,CE,PIDILITIND26APR1270CE,0.00,0.00,0.00,101.00,101.00,101.00,1392.60,1392.60,2500,0,0,0.00,0,F1,500,,,,,
2026-04-28,2026-04-28,FO,NSE,STO,150665,,PIDILITIND,,2026-04-28,2026-04-28,1260.00,PE,PIDILITIND26APR1260PE,0.00,0.00,0.00,0.05,0.05,0.05,1392.60,1392.60,19000,0,0,0.00,0,F1,500,,,,,
2026-04-28,2026-04-28,FO,NSE,STO,150693,,PIDILITIND,,2026-04-28,2026-04-28,1540.00,PE,PIDILITIND26APR1540PE,0.00,0.00,0.00,146.00,146.00,146.00,1392.60,1392.60,1000,0,0,0.00,0,F1,500,,,,,
2026-04-28,2026-04-28,FO,NSE,STO,141707,,PIDILITIND,,2026-05-26,2026-05-26,1120.00,PE,PIDILITIND26MAY1120PE,0.00,0.00,0.00,0.10,0.00,0.10,1392.60,0.05,0,0,0,0.00,0,F1,500,,,,,
2026-04-28,2026-04-28,FO,NSE,STO,141713,,PIDILITIND,,2026-05-26,2026-05-26,1180.00,PE,PIDILITIND26MAY1180PE,0.00,0.00,0.00,0.50,0.00,0.50,1392.60,0.30,0,0,0,0.00,0,F1,500,,,,,
2026-04-28,2026-04-28,FO,NSE,STO,141717,,PIDILITIND,,2026-05-26,2026-05-26,1220.00,PE,PIDILITIND26MAY1220PE,0.00,0.00,0.00,14.50,14.50,14.50,1392.60,1.05,1000,0,0,0.00,0,F1,500,,,,,
2026-04-28,2026-04-28,FO,NSE,STO,161698,,PIDILITIND,,2026-06-30,2026-06-30,1340.00,PE,PIDILITIND26JUN1340PE,0.00,0.00,0.00,80.80,0.00,80.80,1392.60,30.75,0,0,0,0.00,0,F1,500,,,,,
2026-04-28,2026-04-28,FO,NSE,STO,161708,,PIDILITIND,,2026-06-30,2026-06-30,1440.00,PE,PIDILITIND26JUN1440PE,0.00,0.00,0.00,55.85,55.85,55.85,1392.60,77.65,500,0,0,0.00,0,F1,500,,,,,
2026-04-28,2026-04-28,FO,NSE,STO,161696,,PIDILITIND,,2026-06-30,2026-06-30,1320.00,PE,PIDILITIND26JUN1320PE,0.00,0.00,0.00,69.45,0.00,69.45,1392.60,24.50,0,0,0,0.00,0,F1,500,,,,,
2026-04-28,2026-04-28,FO,NSE,STO,161684,,PIDILITIND,,2026-06-30,2026-06-30,1200.00,PE,PIDILITIND26JUN1200PE,0.00,0.00,0.00,21.80,0.00,21.80,1392.60,4.20,0,0,0,0.00,0,F1,500,,,,,
2026-04-28,2026-04-28,FO,NSE,STF,62771,,PIDILITIND,,2026-06-30,2026-06-30,,,PIDILITIND26JUNFUT,1418.80,1419.50,1402.00,1406.50,1406.00,1415.00,1392.60,1406.50,48000,12500,35,24688250.00,35,F1,500,,,,,
2026-04-28,2026-04-28,FO,NSE,STO,141586,,PIDILITIND,,2026-04-28,2026-04-28,1310.00,CE,PIDILITIND26APR1310CE,0.00,0.00,0.00,81.70,81.70,81.70,1392.60,1392.60,1000,0,0,0.00,0,F1,500,,,,,
2026-04-28,2026-04-28,FO,NSE,STO,141602,,PIDILITIND,,2026-04-28,2026-04-28,1470.00,CE,PIDILITIND26APR1470CE,0.00,0.00,0.00,0.10,0.10,0.10,1392.60,1392.60,114500,0,0,0.00,0,F1,500,,,,,
2026-04-28,2026-04-28,FO,NSE,STO,150692,,PIDILITIND,,2026-04-28,2026-04-28,1540.00,CE,PIDILITIND26APR1540CE,0.05,0.05,0.05,0.05,0.05,0.40,1392.60,1392.60,4000,0,4,3080100.00,1,F1,500,,,,,
2026-04-28,2026-04-28,FO,NSE,STO,141724,,PIDILITIND,,2026-05-26,2026-05-26,1300.00,CE,PIDILITIND26MAY1300CE,106.00,106.00,106.00,106.00,106.00,115.00,1392.60,106.10,2500,500,1,703000.00,1,F1,500,,,,,
2026-04-28,2026-04-28,FO,NSE,STO,141729,,PIDILITIND,,2026-05-26,2026-05-26,1340.00,PE,PIDILITIND26MAY1340PE,0.00,0.00,0.00,10.15,0.00,10.15,1392.60,16.50,0,0,0,0.00,0,F1,500,,,,,
2026-04-28,2026-04-28,FO,NSE,STO,161599,,PIDILITIND,,2026-05-26,2026-05-26,1370.00,CE,PIDILITIND26MAY1370CE,0.00,0.00,0.00,64.00,64.00,64.00,1392.60,55.40,5500,0,0,0.00,0,F1,500,,,,,
2026-04-28,2026-04-28,FO,NSE,STO,161627,,PIDILITIND,,2026-05-26,2026-05-26,1590.00,CE,PIDILITIND26MAY1590CE,0.00,0.00,0.00,4.55,4.55,4.55,1392.60,1.60,0,0,0,0.00,0,F1,500,,,,,
2026-04-28,2026-04-28,FO,NSE,STO,161681,,PIDILITIND,,2026-06-30,2026-06-30,1180.00,CE,PIDILITIND26JUN1180CE,0.00,0.00,0.00,143.20,0.00,143.20,1392.60,228.15,0,0,0,0.00,0,F1,500,,,,,
2026-04-28,2026-04-28,FO,NSE,STO,150567,,PIDILITIND,,2026-04-28,2026-04-28,1080.00,PE,PIDILITIND26APR1080PE,0.00,0.00,0.00,0.05,0.05,0.05,1392.60,1392.60,1000,0,0,0.00,0,F1,500,,,,,
2026-04-28,2026-04-28,FO,NSE,STO,141528,,PIDILITIND,,2026-04-28,2026-04-28,1150.00,PE,PIDILITIND26APR1150PE,0.00,0.00,0.00,0.05,0.00,0.05,1392.60,1392.60,0,0,0,0.00,0,F1,500,,,,,
2026-04-28,2026-04-28,FO,NSE,STO,150659,,PIDILITIND,,2026-04-28,2026-04-28,1200.00,PE,PIDILITIND26APR1200PE,0.05,0.05,0.05,0.05,0.05,0.10,1392.60,1392.60,34500,-1500,5,3000125.00,4,F1,500,,,,,
2026-04-28,2026-04-28,FO,NSE,STO,141574,,PIDILITIND,,2026-04-28,2026-04-28,1210.00,PE,PIDILITIND26APR1210PE,0.00,0.00,0.00,12.75,12.75,12.75,1392.60,1392.60,1000,0,0,0.00,0,F1,500,,,,,
2026-04-28,2026-04-28,FO,NSE,STO,150677,,PIDILITIND,,2026-04-28,2026-04-28,1380.00,PE,PIDILITIND26APR1380PE,1.55,2.35,0.10,0.90,0.20,2.05,1392.60,1392.60,25500,-7500,105,72489350.00,76,F1,500,,,,,
2026-04-28,2026-04-28,FO,NSE,STO,150679,,PIDILITIND,,2026-04-28,2026-04-28,1400.00,PE,PIDILITIND26APR1400PE,5.20,27.65,4.00,12.20,10.10,7.00,1392.60,1392.60,46000,-15500,99,69771475.00,83,F1,500,,,,,
2026-04-28,2026-04-28,FO,NSE,STO,150695,,PIDILITIND,,2026-04-28,2026-04-28,1560.00,PE,PIDILITIND26APR1560PE,0.00,0.00,0.00,229.50,229.00,229.50,1392.60,1392.60,2000,0,0,0.00,0,F1,500,,,,,
2026-04-28,2026-04-28,FO,NSE,STO,141613,,PIDILITIND,,2026-04-28,2026-04-28,1570.00,PE,PIDILITIND26APR1570PE,0.00,0.00,0.00,96.40,0.00,96.40,1392.60,1392.60,0,0,0,0.00,0,F1,500,,,,,
2026-04-28,2026-04-28,FO,NSE,STO,141615,,PIDILITIND,,2026-04-28,2026-04-28,1590.00,PE,PIDILITIND26APR1590PE,0.00,0.00,0.00,111.20,0.00,111.20,1392.60,1392.60,0,0,0,0.00,0,F1,500,,,,,
2026-04-28,2026-04-28,FO,NSE,STO,150711,,PIDILITIND,,2026-04-28,2026-04-28,1720.00,PE,PIDILITIND26APR1720PE,0.00,0.00,0.00,328.00,328.00,328.00,1392.60,1392.60,0,0,0,0.00,0,F1,500,,,,,
2026-04-28,2026-04-28,FO,NSE,STO,141705,,PIDILITIND,,2026-05-26,2026-05-26,1080.00,PE,PIDILITIND26MAY1080PE,0.00,0.00,0.00,0.05,0.00,0.05,1392.60,0.00,0,0,0,0.00,0,F1,500,,,,,
2026-04-28,2026-04-28,FO,NSE,STO,161284,,PIDILITIND,,2026-05-26,2026-05-26,1230.00,PE,PIDILITIND26MAY1230PE,0.00,0.00,0.00,21.60,0.00,21.60,1392.60,1.40,0,0,0,0.00,0,F1,500,,,,,
2026-04-28,2026-04-28,FO,NSE,STO,161288,,PIDILITIND,,2026-05-26,2026-05-26,1270.00,PE,PIDILITIND26MAY1270PE,0.00,0.00,0.00,35.95,0.00,35.95,1392.60,3.95,0,0,0,0.00,0,F1,500,,,,,
2026-04-28,2026-04-28,FO,NSE,STO,161702,,PIDILITIND,,2026-06-30,2026-06-30,1380.00,PE,PIDILITIND26JUN1380PE,0.00,0.00,0.00,106.15,0.00,106.15,1392.60,46.40,0,0,0,0.00,0,F1,500,,,,,
2026-04-28,2026-04-28,FO,NSE,STO,161672,,PIDILITIND,,2026-06-30,2026-06-30,1080.00,PE,PIDILITIND26JUN1080PE,0.00,0.00,0.00,3.80,0.00,3.80,1392.60,0.30,0,0,0,0.00,0,F1,500,,,,,
