TradDt,BizDt,Sgmt,Src,FinInstrmTp,FinInstrmId,ISIN,TckrSymb,SctySrs,XpryDt,FininstrmActlXpryDt,StrkPric,OptnTp,FinInstrmNm,OpnPric,HghPric,LwPric,ClsPric,LastPric,PrvsClsgPric,UndrlygPric,SttlmPric,OpnIntrst,ChngInOpnIntrst,TtlTradgVol,TtlTrfVal,TtlNbOfTxsExctd,SsnId,NewBrdLotQty,Rmks,Rsvd1,Rsvd2,Rsvd3,Rsvd4
2026-09-03,2026-09-03,FO,NSE,STO,112561,,ICICIPRULI,,2026-09-29,2026-09-29,460.00,CE,ICICIPRULI26SEP460CE,0.00,0.00,0.00,40.30,40.30,40.30,495.05,40.76,1850,0,0,0.00,0,F1,925,,,,,
2026-09-03,2026-09-03,FO,NSE,STO,81005,,ICICIPRULI,,2026-09-29,2026-09-29,475.00,PE,ICICIPRULI26SEP475PE,0.00,0.00,0.00,3.20,3.20,3.20,495.05,7.39,55500,0,0,0.00,0,F1,925,,,,,
2026-09-03,2026-09-03,FO,NSE,STO,81190,,ICICIPRULI,,2026-10-27,2026-10-27,570.00,PE,ICICIPRULI26OCT570PE,0.00,0.00,0.00,62.20,62.20,62.20,495.05,73.89,925,0,0,0.00,0,F1,925,,,,,
2026-09-03,2026-09-03,FO,NSE,STO,101730,,ICICIPRULI,,2026-10-27,2026-10-27,545.00,CE,ICICIPRULI26OCT545CE,0.00,0.00,0.00,14.70,0.00,14.70,495.05,8.57,0,0,0,0.00,0,F1,925,,,,,
2026-09-03,2026-09-03,FO,NSE,STO,112562,,ICICIPRULI,,2026-09-29,2026-09-29,460.00,PE,ICICIPRULI26SEP460PE,1.65,2.05,1.55,2.00,2.05,1.60,495.05,2.00,158175,6475,21,8971112.50,20,F1,925,,,,,
2026-09-03,2026-09-03,FO,NSE,STO,81004,,ICICIPRULI,,2026-09-29,2026-09-29,475.00,CE,ICICIPRULI26SEP475CE,0.00,0.00,0.00,36.15,36.15,36.15,495.05,29.46,4625,0,0,0.00,0,F1,925,,,,,
2026-09-03,2026-09-03,FO,NSE,STO,102015,,ICICIPRULI,,2026-11-23,2026-11-23,540.00,CE,ICICIPRULI26NOV540CE,0.00,0.00,0.00,22.10,0.00,22.10,495.05,15.06,0,0,0,0.00,0,F1,925,,,,,
2026-09-03,2026-09-03,FO,NSE,STO,81010,,ICICIPRULI,,2026-09-29,2026-09-29,505.00,CE,ICICIPRULI26SEP505CE,11.25,11.50,7.65,8.00,7.65,9.85,495.05,8.00,81400,0,50,23791092.50,42,F1,925,,,,,
2026-09-03,2026-09-03,FO,NSE,STO,81015,,ICICIPRULI,,2026-09-29,2026-09-29,525.00,PE,ICICIPRULI26SEP525PE,0.00,0.00,0.00,32.15,0.00,32.15,495.05,34.27,0,0,0,0.00,0,F1,925,,,,,
2026-09-03,2026-09-03,FO,NSE,STO,81141,,ICICIPRULI,,2026-10-27,2026-10-27,430.00,CE,ICICIPRULI26OCT430CE,0.00,0.00,0.00,91.00,0.00,91.00,495.05,71.94,0,0,0,0.00,0,F1,925,,,,,
2026-09-03,2026-09-03,FO,NSE,STO,81143,,ICICIPRULI,,2026-10-27,2026-10-27,440.00,CE,ICICIPRULI26OCT440CE,0.00,0.00,0.00,82.65,0.00,82.65,495.05,63.39,0,0,0,0.00,0,F1,925,,,,,
2026-09-03,2026-09-03,FO,NSE,STO,81163,,ICICIPRULI,,2026-10-27,2026-10-27,500.00,CE,ICICIPRULI26OCT500CE,0.00,0.00,0.00,21.50,21.50,21.50,495.05,23.60,1850,0,0,0.00,0,F1,925,,,,,
2026-09-03,2026-09-03,FO,NSE,STO,102010,,ICICIPRULI,,2026-11-23,2026-11-23,510.00,PE,ICICIPRULI26NOV510PE,0.00,0.00,0.00,27.35,0.00,27.35,495.05,33.19,0,0,0,0.00,0,F1,925,,,,,
2026-09-03,2026-09-03,FO,NSE,STO,102014,,ICICIPRULI,,2026-11-23,2026-11-23,530.00,PE,ICICIPRULI26NOV530PE,0.00,0.00,0.00,38.00,0.00,38.00,495.05,45.44,0,0,0,0.00,0,F1,925,,,,,
2026-09-03,2026-09-03,FO,NSE,STO,102035,,ICICIPRULI,,2026-11-23,2026-11-23,600.00,PE,ICICIPRULI26NOV600PE,0.00,0.00,0.00,88.65,0.00,88.65,495.05,100.72,0,0,0,0.00,0,F1,925,,,,,
2026-09-03,2026-09-03,FO,NSE,STO,112567,,ICICIPRULI,,2026-09-29,2026-09-29,490.00,CE,ICICIPRULI26SEP490CE,18.90,18.90,14.50,14.80,14.50,18.55,495.05,14.80,50875,3700,20,9355311.25,19,F1,925,,,,,
2026-09-03,2026-09-03,FO,NSE,STO,101897,,ICICIPRULI,,2026-11-23,2026-11-23,440.00,CE,ICICIPRULI26NOV440CE,0.00,0.00,0.00,81.90,0.00,81.90,495.05,68.19,0,0,0,0.00,0,F1,925,,,,,
2026-09-03,2026-09-03,FO,NSE,STO,112582,,ICICIPRULI,,2026-09-29,2026-09-29,560.00,PE,ICICIPRULI26SEP560PE,0.00,0.00,0.00,43.00,43.00,43.00,495.05,64.08,3700,0,0,0.00,0,F1,925,,,,,
2026-09-03,2026-09-03,FO,NSE,STO,81014,,ICICIPRULI,,2026-09-29,2026-09-29,525.00,CE,ICICIPRULI26SEP525CE,4.80,4.80,3.25,3.25,3.25,4.10,495.05,3.25,123025,8325,25,12225262.50,19,F1,925,,,,,
2026-09-03,2026-09-03,FO,NSE,STO,81016,,ICICIPRULI,,2026-09-29,2026-09-29,535.00,CE,ICICIPRULI26SEP535CE,0.00,0.00,0.00,18.85,0.00,18.85,495.05,4.45,0,0,0,0.00,0,F1,925,,,,,
2026-09-03,2026-09-03,FO,NSE,STO,101728,,ICICIPRULI,,2026-10-27,2026-10-27,535.00,CE,ICICIPRULI26OCT535CE,0.00,0.00,0.00,18.05,0.00,18.05,495.05,10.93,0,0,0,0.00,0,F1,925,,,,,
2026-09-03,2026-09-03,FO,NSE,STO,81153,,ICICIPRULI,,2026-10-27,2026-10-27,470.00,CE,ICICIPRULI26OCT470CE,0.00,0.00,0.00,60.00,0.00,60.00,495.05,40.70,0,0,0,0.00,0,F1,925,,,,,
2026-09-03,2026-09-03,FO,NSE,STO,101894,,ICICIPRULI,,2026-11-23,2026-11-23,420.00,PE,ICICIPRULI26NOV420PE,0.00,0.00,0.00,2.85,0.00,2.85,495.05,3.61,0,0,0,0.00,0,F1,925,,,,,
2026-09-03,2026-09-03,FO,NSE,STO,81142,,ICICIPRULI,,2026-10-27,2026-10-27,430.00,PE,ICICIPRULI26OCT430PE,0.00,0.00,0.00,4.45,0.00,4.45,495.05,2.77,0,0,0,0.00,0,F1,925,,,,,
2026-09-03,2026-09-03,FO,NSE,STO,81021,,ICICIPRULI,,2026-09-29,2026-09-29,545.00,CE,ICICIPRULI26SEP545CE,1.35,1.35,1.35,1.35,1.35,2.05,495.05,2.95,57350,0,1,505373.75,1,F1,925,,,,,
2026-09-03,2026-09-03,FO,NSE,STO,101701,,ICICIPRULI,,2026-10-27,2026-10-27,475.00,PE,ICICIPRULI26OCT475PE,0.00,0.00,0.00,10.05,0.00,10.05,495.05,12.84,0,0,0,0.00,0,F1,925,,,,,
2026-09-03,2026-09-03,FO,NSE,STO,81171,,ICICIPRULI,,2026-10-27,2026-10-27,520.00,PE,ICICIPRULI26OCT520PE,30.00,30.00,30.00,30.00,30.00,21.00,495.05,35.44,1850,925,1,508750.00,1,F1,925,,,,,
2026-09-03,2026-09-03,FO,NSE,STO,102026,,ICICIPRULI,,2026-11-23,2026-11-23,570.00,PE,ICICIPRULI26NOV570PE,0.00,0.00,0.00,64.80,0.00,64.80,495.05,75.13,0,0,0,0.00,0,F1,925,,,,,
2026-09-03,2026-09-03,FO,NSE,STO,81203,,ICICIPRULI,,2026-10-27,2026-10-27,580.00,PE,ICICIPRULI26OCT580PE,0.00,0.00,0.00,77.00,77.00,77.00,495.05,82.70,925,0,0,0.00,0,F1,925,,,,,
2026-09-03,2026-09-03,FO,NSE,STO,81173,,ICICIPRULI,,2026-10-27,2026-10-27,530.00,PE,ICICIPRULI26OCT530PE,0.00,0.00,0.00,39.00,0.00,39.00,495.05,42.17,0,0,0,0.00,0,F1,925,,,,,
2026-09-03,2026-09-03,FO,NSE,STO,102017,,ICICIPRULI,,2026-11-23,2026-11-23,550.00,CE,ICICIPRULI26NOV550CE,0.00,0.00,0.00,18.75,0.00,18.75,495.05,12.47,0,0,0,0.00,0,F1,925,,,,,
2026-09-03,2026-09-03,FO,NSE,STO,112580,,ICICIPRULI,,2026-09-29,2026-09-29,550.00,PE,ICICIPRULI26SEP550PE,0.00,0.00,0.00,31.80,31.80,31.80,495.05,54.98,13875,0,0,0.00,0,F1,925,,,,,
2026-09-03,2026-09-03,FO,NSE,STO,81161,,ICICIPRULI,,2026-10-27,2026-10-27,490.00,CE,ICICIPRULI26OCT490CE,0.00,0.00,0.00,47.05,0.00,47.05,495.05,28.64,0,0,0,0.00,0,F1,925,,,,,
2026-09-03,2026-09-03,FO,NSE,STO,101672,,ICICIPRULI,,2026-10-27,2026-10-27,445.00,PE,ICICIPRULI26OCT445PE,0.00,0.00,0.00,3.85,0.00,3.85,495.05,4.96,0,0,0,0.00,0,F1,925,,,,,
2026-09-03,2026-09-03,FO,NSE,STO,81025,,ICICIPRULI,,2026-09-29,2026-09-29,565.00,CE,ICICIPRULI26SEP565CE,0.00,0.00,0.00,10.25,0.00,10.25,495.05,1.19,0,0,0,0.00,0,F1,925,,,,,
2026-09-03,2026-09-03,FO,NSE,STO,80992,,ICICIPRULI,,2026-09-29,2026-09-29,455.00,CE,ICICIPRULI26SEP455CE,0.00,0.00,0.00,65.75,0.00,65.75,495.05,44.89,0,0,0,0.00,0,F1,925,,,,,
2026-09-03,2026-09-03,FO,NSE,STO,81020,,ICICIPRULI,,2026-09-29,2026-09-29,535.00,PE,ICICIPRULI26SEP535PE,0.00,0.00,0.00,38.15,0.00,38.15,495.05,42.13,0,0,0,0.00,0,F1,925,,,,,
2026-09-03,2026-09-03,FO,NSE,STO,102019,,ICICIPRULI,,2026-11-23,2026-11-23,560.00,CE,ICICIPRULI26NOV560CE,0.00,0.00,0.00,15.80,0.00,15.80,495.05,10.24,0,0,0,0.00,0,F1,925,,,,,
2026-09-03,2026-09-03,FO,NSE,STO,101721,,ICICIPRULI,,2026-10-27,2026-10-27,525.00,PE,ICICIPRULI26OCT525PE,0.00,0.00,0.00,31.40,0.00,31.40,495.05,38.74,0,0,0,0.00,0,F1,925,,,,,
2026-09-03,2026-09-03,FO,NSE,STO,81176,,ICICIPRULI,,2026-10-27,2026-10-27,550.00,CE,ICICIPRULI26OCT550CE,0.00,0.00,0.00,6.30,6.30,6.30,495.05,7.53,1850,0,0,0.00,0,F1,925,,,,,
2026-09-03,2026-09-03,FO,NSE,STO,81023,,ICICIPRULI,,2026-09-29,2026-09-29,555.00,CE,ICICIPRULI26SEP555CE,0.00,0.00,0.00,12.60,0.00,12.60,495.05,1.90,0,0,0,0.00,0,F1,925,,,,,
2026-09-03,2026-09-03,FO,NSE,STO,81006,,ICICIPRULI,,2026-09-29,2026-09-29,485.00,CE,ICICIPRULI26SEP485CE,18.00,18.00,18.00,18.00,18.00,20.00,495.05,23.00,3700,-925,4,1861100.00,3,F1,925,,,,,
2026-09-03,2026-09-03,FO,NSE,STO,112624,,ICICIPRULI,,2026-09-29,2026-09-29,590.00,PE,ICICIPRULI26SEP590PE,0.00,0.00,0.00,85.50,85.50,85.50,495.05,92.77,16650,0,0,0.00,0,F1,925,,,,,
2026-09-03,2026-09-03,FO,NSE,STO,102003,,ICICIPRULI,,2026-11-23,2026-11-23,480.00,CE,ICICIPRULI26NOV480CE,0.00,0.00,0.00,52.20,0.00,52.20,495.05,40.65,0,0,0,0.00,0,F1,925,,,,,
2026-09-03,2026-09-03,FO,NSE,STO,101687,,ICICIPRULI,,2026-10-27,2026-10-27,455.00,PE,ICICIPRULI26OCT455PE,0.00,0.00,0.00,5.45,0.00,5.45,495.05,7.02,0,0,0,0.00,0,F1,925,,,,,
2026-09-03,2026-09-03,FO,NSE,STO,101732,,ICICIPRULI,,2026-10-27,2026-10-27,555.00,CE,ICICIPRULI26OCT555CE,0.00,0.00,0.00,11.90,0.00,11.90,495.05,6.61,0,0,0,0.00,0,F1,925,,,,,
2026-09-03,2026-09-03,FO,NSE,STO,112564,,ICICIPRULI,,2026-09-29,2026-09-29,470.00,PE,ICICIPRULI26SEP470PE,2.60,3.50,2.35,3.45,3.50,3.15,495.05,3.45,189625,36075,104,45510740.00,77,F1,925,,,,,
2026-09-03,2026-09-03,FO,NSE,STO,112559,,ICICIPRULI,,2026-09-29,2026-09-29,450.00,CE,ICICIPRULI26SEP450CE,0.00,0.00,0.00,56.65,0.00,56.65,495.05,49.18,0,0,0,0.00,0,F1,925,,,,,
2026-09-03,2026-09-03,FO,NSE,STO,81180,,ICICIPRULI,,2026-10-27,2026-10-27,560.00,CE,ICICIPRULI26OCT560CE,0.00,0.00,0.00,16.90,0.00,16.90,495.05,5.79,0,0,0,0.00,0,F1,925,,,,,
2026-09-03,2026-09-03,FO,NSE,STO,112622,,ICICIPRULI,,2026-09-29,2026-09-29,580.00,PE,ICICIPRULI26SEP580PE,0.00,0.00,0.00,58.35,58.35,58.35,495.05,83.04,925,0,0,0.00,0,F1,925,,,,,
2026-09-03,2026-09-03,FO,NSE,STO,81152,,ICICIPRULI,,2026-10-27,2026-10-27,460.00,PE,ICICIPRULI26OCT460PE,5.00,5.00,5.00,5.00,5.00,10.10,495.05,8.27,925,925,1,430125.00,1,F1,925,,,,,
2026-09-03,2026-09-03,FO,NSE,STO,112565,,ICICIPRULI,,2026-09-29,2026-09-29,480.00,CE,ICICIPRULI26SEP480CE,20.50,20.50,20.50,20.50,20.50,21.10,495.05,20.50,9250,925,1,462962.50,1,F1,925,,,,,
2026-09-03,2026-09-03,FO,NSE,STO,112621,,ICICIPRULI,,2026-09-29,2026-09-29,580.00,CE,ICICIPRULI26SEP580CE,0.60,0.60,0.40,0.40,0.40,0.55,495.05,0.40,79550,-12025,13,6981530.00,3,F1,925,,,,,
2026-09-03,2026-09-03,FO,NSE,STO,101691,,ICICIPRULI,,2026-10-27,2026-10-27,475.00,CE,ICICIPRULI26OCT475CE,0.00,0.00,0.00,42.00,42.00,42.00,495.05,37.44,925,0,0,0.00,0,F1,925,,,,,
2026-09-03,2026-09-03,FO,NSE,STO,81168,,ICICIPRULI,,2026-10-27,2026-10-27,510.00,CE,ICICIPRULI26OCT510CE,0.00,0.00,0.00,36.10,0.00,36.10,495.05,19.22,0,0,0,0.00,0,F1,925,,,,,
2026-09-03,2026-09-03,FO,NSE,STO,81007,,ICICIPRULI,,2026-09-29,2026-09-29,485.00,PE,ICICIPRULI26SEP485PE,5.50,7.50,5.00,7.50,7.50,6.35,495.05,7.50,49025,-2775,66,29959593.75,51,F1,925,,,,,
2026-09-03,2026-09-03,FO,NSE,STO,81022,,ICICIPRULI,,2026-09-29,2026-09-29,545.00,PE,ICICIPRULI26SEP545PE,0.00,0.00,0.00,41.20,41.20,41.20,495.05,50.58,8325,0,0,0.00,0,F1,925,,,,,
2026-09-03,2026-09-03,FO,NSE,STO,102002,,ICICIPRULI,,2026-11-23,2026-11-23,470.00,PE,ICICIPRULI26NOV470PE,0.00,0.00,0.00,12.00,0.00,12.00,495.05,14.98,0,0,0,0.00,0,F1,925,,,,,
2026-09-03,2026-09-03,FO,NSE,STO,112575,,ICICIPRULI,,2026-09-29,2026-09-29,530.00,CE,ICICIPRULI26SEP530CE,3.80,3.95,2.60,2.65,2.60,3.40,495.05,2.65,370925,17575,81,39942656.25,70,F1,925,,,,,
2026-09-03,2026-09-03,FO,NSE,STO,101716,,ICICIPRULI,,2026-10-27,2026-10-27,515.00,CE,ICICIPRULI26OCT515CE,0.00,0.00,0.00,26.30,0.00,26.30,495.05,17.27,0,0,0,0.00,0,F1,925,,,,,
2026-09-03,2026-09-03,FO,NSE,STO,102007,,ICICIPRULI,,2026-11-23,2026-11-23,500.00,CE,ICICIPRULI26NOV500CE,0.00,0.00,0.00,40.20,0.00,40.20,495.05,30.05,0,0,0,0.00,0,F1,925,,,,,
2026-09-03,2026-09-03,FO,NSE,STO,112563,,ICICIPRULI,,2026-09-29,2026-09-29,470.00,CE,ICICIPRULI26SEP470CE,31.80,31.80,29.90,29.90,29.90,56.60,495.05,33.04,5550,925,4,1853237.50,4,F1,925,,,,,
2026-09-03,2026-09-03,FO,NSE,STO,112579,,ICICIPRULI,,2026-09-29,2026-09-29,550.00,CE,ICICIPRULI26SEP550CE,1.55,1.55,1.10,1.10,1.10,1.45,495.05,1.10,213675,6475,21,10706736.25,20,F1,925,,,,,
2026-09-03,2026-09-03,FO,NSE,STO,102011,,ICICIPRULI,,2026-11-23,2026-11-23,520.00,CE,ICICIPRULI26NOV520CE,0.00,0.00,0.00,30.15,0.00,30.15,495.05,21.58,0,0,0,0.00,0,F1,925,,,,,
2026-09-03,2026-09-03,FO,NSE,STO,81146,,ICICIPRULI,,2026-10-27,2026-10-27,450.00,PE,ICICIPRULI26OCT450PE,0.00,0.00,0.00,7.85,0.00,7.85,495.05,5.92,0,0,0,0.00,0,F1,925,,,,,
2026-09-03,2026-09-03,FO,NSE,STO,81205,,ICICIPRULI,,2026-10-27,2026-10-27,590.00,PE,ICICIPRULI26OCT590PE,0.00,0.00,0.00,81.10,0.00,81.10,495.05,91.76,0,0,0,0.00,0,F1,925,,,,,
2026-09-03,2026-09-03,FO,NSE,STO,102034,,ICICIPRULI,,2026-11-23,2026-11-23,600.00,CE,ICICIPRULI26NOV600CE,0.00,0.00,0.00,7.60,0.00,7.60,495.05,4.37,0,0,0,0.00,0,F1,925,,,,,
2026-09-03,2026-09-03,FO,NSE,STO,102025,,ICICIPRULI,,2026-11-23,2026-11-23,570.00,CE,ICICIPRULI26NOV570CE,0.00,0.00,0.00,13.30,0.00,13.30,495.05,8.35,0,0,0,0.00,0,F1,925,,,,,
2026-09-03,2026-09-03,FO,NSE,STO,101720,,ICICIPRULI,,2026-10-27,2026-10-27,525.00,CE,ICICIPRULI26OCT525CE,0.00,0.00,0.00,10.00,10.00,10.00,495.05,13.82,12025,0,0,0.00,0,F1,925,,,,,
2026-09-03,2026-09-03,FO,NSE,STO,81008,,ICICIPRULI,,2026-09-29,2026-09-29,495.00,CE,ICICIPRULI26SEP495CE,16.00,16.00,12.00,12.20,12.00,14.30,495.05,12.20,37000,11100,42,19746206.25,40,F1,925,,,,,
2026-09-03,2026-09-03,FO,NSE,STO,101955,,ICICIPRULI,,2026-11-23,2026-11-23,440.00,PE,ICICIPRULI26NOV440PE,0.00,0.00,0.00,5.40,0.00,5.40,495.05,6.83,0,0,0,0.00,0,F1,925,,,,,
2026-09-03,2026-09-03,FO,NSE,STO,102004,,ICICIPRULI,,2026-11-23,2026-11-23,480.00,PE,ICICIPRULI26NOV480PE,0.00,0.00,0.00,15.10,0.00,15.10,495.05,18.72,0,0,0,0.00,0,F1,925,,,,,
2026-09-03,2026-09-03,FO,NSE,STO,102028,,ICICIPRULI,,2026-11-23,2026-11-23,580.00,PE,ICICIPRULI26NOV580PE,0.00,0.00,0.00,72.45,0.00,72.45,495.05,83.41,0,0,0,0.00,0,F1,925,,,,,
2026-09-03,2026-09-03,FO,NSE,STO,81172,,ICICIPRULI,,2026-10-27,2026-10-27,530.00,CE,ICICIPRULI26OCT530CE,0.00,0.00,0.00,27.10,0.00,27.10,495.05,12.30,0,0,0,0.00,0,F1,925,,,,,
2026-09-03,2026-09-03,FO,NSE,STO,81145,,ICICIPRULI,,2026-10-27,2026-10-27,450.00,CE,ICICIPRULI26OCT450CE,0.00,0.00,0.00,74.70,0.00,74.70,495.05,55.29,0,0,0,0.00,0,F1,925,,,,,
2026-09-03,2026-09-03,FO,NSE,STO,81012,,ICICIPRULI,,2026-09-29,2026-09-29,515.00,CE,ICICIPRULI26SEP515CE,6.60,6.60,5.00,5.05,5.00,6.45,495.05,5.05,142450,8325,19,9150886.25,16,F1,925,,,,,
2026-09-03,2026-09-03,FO,NSE,STO,81191,,ICICIPRULI,,2026-10-27,2026-10-27,580.00,CE,ICICIPRULI26OCT580CE,0.00,0.00,0.00,12.05,0.00,12.05,495.05,3.31,0,0,0,0.00,0,F1,925,,,,,
2026-09-03,2026-09-03,FO,NSE,STO,101705,,ICICIPRULI,,2026-10-27,2026-10-27,495.00,CE,ICICIPRULI26OCT495CE,0.00,0.00,0.00,36.95,0.00,36.95,495.05,26.04,0,0,0,0.00,0,F1,925,,,,,
2026-09-03,2026-09-03,FO,NSE,STO,112560,,ICICIPRULI,,2026-09-29,2026-09-29,450.00,PE,ICICIPRULI26SEP450PE,1.00,1.10,0.90,1.10,1.10,1.10,495.05,2.22,95275,-2775,644,268677303.75,73,F1,925,,,,,
2026-09-03,2026-09-03,FO,NSE,STO,112578,,ICICIPRULI,,2026-09-29,2026-09-29,540.00,PE,ICICIPRULI26SEP540PE,39.40,44.15,39.40,44.15,44.15,46.50,495.05,46.29,57350,-6475,10,5376285.00,7,F1,925,,,,,
2026-09-03,2026-09-03,FO,NSE,STO,101703,,ICICIPRULI,,2026-10-27,2026-10-27,485.00,PE,ICICIPRULI26OCT485PE,0.00,0.00,0.00,13.10,0.00,13.10,495.05,16.71,0,0,0,0.00,0,F1,925,,,,,
2026-09-03,2026-09-03,FO,NSE,STO,101712,,ICICIPRULI,,2026-10-27,2026-10-27,505.00,CE,ICICIPRULI26OCT505CE,0.00,0.00,0.00,31.30,0.00,31.30,495.05,21.33,0,0,0,0.00,0,F1,925,,,,,
2026-09-03,2026-09-03,FO,NSE,STO,112581,,ICICIPRULI,,2026-09-29,2026-09-29,560.00,CE,ICICIPRULI26SEP560CE,0.00,0.00,0.00,1.00,1.00,1.00,495.05,1.51,62900,0,0,0.00,0,F1,925,,,,,
2026-09-03,2026-09-03,FO,NSE,STO,80998,,ICICIPRULI,,2026-09-29,2026-09-29,465.00,CE,ICICIPRULI26SEP465CE,0.00,0.00,0.00,57.95,0.00,57.95,495.05,36.80,0,0,0,0.00,0,F1,925,,,,,
2026-09-03,2026-09-03,FO,NSE,STO,81160,,ICICIPRULI,,2026-10-27,2026-10-27,480.00,PE,ICICIPRULI26OCT480PE,0.00,0.00,0.00,9.00,9.00,9.00,495.05,14.69,2775,0,0,0.00,0,F1,925,,,,,
2026-09-03,2026-09-03,FO,NSE,STO,81159,,ICICIPRULI,,2026-10-27,2026-10-27,480.00,CE,ICICIPRULI26OCT480CE,0.00,0.00,0.00,53.30,0.00,53.30,495.05,34.34,0,0,0,0.00,0,F1,925,,,,,
2026-09-03,2026-09-03,FO,NSE,STO,81162,,ICICIPRULI,,2026-10-27,2026-10-27,490.00,PE,ICICIPRULI26OCT490PE,0.00,0.00,0.00,12.00,12.00,12.00,495.05,18.89,925,0,0,0.00,0,F1,925,,,,,
2026-09-03,2026-09-03,FO,NSE,STO,101671,,ICICIPRULI,,2026-10-27,2026-10-27,445.00,CE,ICICIPRULI26OCT445CE,0.00,0.00,0.00,73.50,0.00,73.50,495.05,59.28,0,0,0,0.00,0,F1,925,,,,,
2026-09-03,2026-09-03,FO,NSE,STO,112568,,ICICIPRULI,,2026-09-29,2026-09-29,490.00,PE,ICICIPRULI26SEP490PE,6.85,9.50,6.35,9.35,9.50,8.35,495.05,9.35,261775,26825,149,68536256.25,117,F1,925,,,,,
2026-09-03,2026-09-03,FO,NSE,STO,81164,,ICICIPRULI,,2026-10-27,2026-10-27,500.00,PE,ICICIPRULI26OCT500PE,0.00,0.00,0.00,20.95,20.95,20.95,495.05,23.76,107300,0,0,0.00,0,F1,925,,,,,
2026-09-03,2026-09-03,FO,NSE,STO,81204,,ICICIPRULI,,2026-10-27,2026-10-27,590.00,CE,ICICIPRULI26OCT590CE,0.00,0.00,0.00,10.05,0.00,10.05,495.05,2.47,0,0,0,0.00,0,F1,925,,,,,
2026-09-03,2026-09-03,FO,NSE,STO,112573,,ICICIPRULI,,2026-09-29,2026-09-29,520.00,CE,ICICIPRULI26SEP520CE,6.35,6.35,4.00,4.10,4.00,5.20,495.05,4.10,612350,33300,226,109790747.50,195,F1,925,,,,,
2026-09-03,2026-09-03,FO,NSE,STO,102020,,ICICIPRULI,,2026-11-23,2026-11-23,560.00,PE,ICICIPRULI26NOV560PE,0.00,0.00,0.00,57.50,0.00,57.50,495.05,67.15,0,0,0,0.00,0,F1,925,,,,,
2026-09-03,2026-09-03,FO,NSE,STO,112570,,ICICIPRULI,,2026-09-29,2026-09-29,500.00,PE,ICICIPRULI26SEP500PE,10.95,14.60,10.20,14.25,14.60,12.35,495.05,14.25,370925,8325,112,53049536.25,103,F1,925,,,,,
2026-09-03,2026-09-03,FO,NSE,STO,81148,,ICICIPRULI,,2026-10-27,2026-10-27,460.00,CE,ICICIPRULI26OCT460CE,50.00,50.00,45.00,45.00,45.00,67.10,495.05,47.72,1850,1850,2,938875.00,2,F1,925,,,,,
2026-09-03,2026-09-03,FO,NSE,STO,112577,,ICICIPRULI,,2026-09-29,2026-09-29,540.00,CE,ICICIPRULI26SEP540CE,2.55,2.70,1.70,1.70,1.70,2.25,495.05,1.70,270100,16650,106,53160628.75,80,F1,925,,,,,
2026-09-03,2026-09-03,FO,NSE,STO,112623,,ICICIPRULI,,2026-09-29,2026-09-29,590.00,CE,ICICIPRULI26SEP590CE,0.00,0.00,0.00,0.40,0.40,0.40,495.05,0.33,153550,0,0,0.00,0,F1,925,,,,,
2026-09-03,2026-09-03,FO,NSE,STO,102013,,ICICIPRULI,,2026-11-23,2026-11-23,530.00,CE,ICICIPRULI26NOV530CE,0.00,0.00,0.00,25.90,0.00,25.90,495.05,18.09,0,0,0,0.00,0,F1,925,,,,,
2026-09-03,2026-09-03,FO,NSE,STF,61597,,ICICIPRULI,,2026-11-23,2026-11-23,,,ICICIPRULI26NOVFUT,505.85,507.35,505.60,505.60,505.60,503.75,495.05,502.25,98975,925,4,1873171.25,4,F1,925,,,,,
2026-09-03,2026-09-03,FO,NSE,STO,80993,,ICICIPRULI,,2026-09-29,2026-09-29,455.00,PE,ICICIPRULI26SEP455PE,1.30,1.30,0.95,1.20,1.20,1.45,495.05,2.91,115625,-2775,38,16036262.50,38,F1,925,,,,,
2026-09-03,2026-09-03,FO,NSE,STF,48876,,ICICIPRULI,,2026-10-27,2026-10-27,,,ICICIPRULI26OCTFUT,505.55,506.70,498.00,498.20,498.10,501.95,495.05,498.20,1015650,12950,28,12987740.00,28,F1,925,,,,,
2026-09-03,2026-09-03,FO,NSE,STO,81011,,ICICIPRULI,,2026-09-29,2026-09-29,505.00,PE,ICICIPRULI26SEP505PE,13.90,16.55,13.90,16.45,16.35,15.30,495.05,16.45,134125,-925,6,2889885.00,6,F1,925,,,,,
2026-09-03,2026-09-03,FO,NSE,STO,112558,,ICICIPRULI,,2026-09-29,2026-09-29,440.00,PE,ICICIPRULI26SEP440PE,0.60,0.60,0.60,0.60,0.60,0.70,495.05,1.23,102675,0,1,407555.00,1,F1,925,,,,,
2026-09-03,2026-09-03,FO,NSE,STO,112566,,ICICIPRULI,,2026-09-29,2026-09-29,480.00,PE,ICICIPRULI26SEP480PE,4.50,5.80,3.90,5.75,5.70,4.95,495.05,5.75,151700,925,56,25100985.00,56,F1,925,,,,,
2026-09-03,2026-09-03,FO,NSE,STO,112555,,ICICIPRULI,,2026-09-29,2026-09-29,430.00,CE,ICICIPRULI26SEP430CE,0.00,0.00,0.00,71.50,0.00,71.50,495.05,67.51,0,0,0,0.00,0,F1,925,,,,,
2026-09-03,2026-09-03,FO,NSE,STO,81169,,ICICIPRULI,,2026-10-27,2026-10-27,510.00,PE,ICICIPRULI26OCT510PE,0.00,0.00,0.00,28.35,0.00,28.35,495.05,29.28,0,0,0,0.00,0,F1,925,,,,,
2026-09-03,2026-09-03,FO,NSE,STO,101715,,ICICIPRULI,,2026-10-27,2026-10-27,505.00,PE,ICICIPRULI26OCT505PE,0.00,0.00,0.00,21.05,0.00,21.05,495.05,26.44,0,0,0,0.00,0,F1,925,,,,,
2026-09-03,2026-09-03,FO,NSE,STO,102005,,ICICIPRULI,,2026-11-23,2026-11-23,490.00,CE,ICICIPRULI26NOV490CE,0.00,0.00,0.00,45.95,0.00,45.95,495.05,35.08,0,0,0,0.00,0,F1,925,,,,,
2026-09-03,2026-09-03,FO,NSE,STO,101684,,ICICIPRULI,,2026-10-27,2026-10-27,455.00,CE,ICICIPRULI26OCT455CE,0.00,0.00,0.00,65.20,0.00,65.20,495.05,51.43,0,0,0,0.00,0,F1,925,,,,,
2026-09-03,2026-09-03,FO,NSE,STO,102012,,ICICIPRULI,,2026-11-23,2026-11-23,520.00,PE,ICICIPRULI26NOV520PE,0.00,0.00,0.00,32.45,0.00,32.45,495.05,39.07,0,0,0,0.00,0,F1,925,,,,,
2026-09-03,2026-09-03,FO,NSE,STO,112569,,ICICIPRULI,,2026-09-29,2026-09-29,500.00,CE,ICICIPRULI26SEP500CE,14.40,14.55,8.75,9.75,9.30,12.10,495.05,9.75,502275,165575,558,264086482.50,431,F1,925,,,,,
2026-09-03,2026-09-03,FO,NSE,STO,101688,,ICICIPRULI,,2026-10-27,2026-10-27,465.00,CE,ICICIPRULI26OCT465CE,0.00,0.00,0.00,57.35,0.00,57.35,495.05,44.12,0,0,0,0.00,0,F1,925,,,,,
2026-09-03,2026-09-03,FO,NSE,STO,101717,,ICICIPRULI,,2026-10-27,2026-10-27,515.00,PE,ICICIPRULI26OCT515PE,0.00,0.00,0.00,25.95,0.00,25.95,495.05,32.28,0,0,0,0.00,0,F1,925,,,,,
2026-09-03,2026-09-03,FO,NSE,STO,101994,,ICICIPRULI,,2026-11-23,2026-11-23,460.00,PE,ICICIPRULI26NOV460PE,0.00,0.00,0.00,9.35,0.00,9.35,495.05,11.78,0,0,0,0.00,0,F1,925,,,,,
2026-09-03,2026-09-03,FO,NSE,STO,81177,,ICICIPRULI,,2026-10-27,2026-10-27,550.00,PE,ICICIPRULI26OCT550PE,0.00,0.00,0.00,51.50,0.00,51.50,495.05,57.21,0,0,0,0.00,0,F1,925,,,,,
2026-09-03,2026-09-03,FO,NSE,STO,80982,,ICICIPRULI,,2026-09-29,2026-09-29,445.00,CE,ICICIPRULI26SEP445CE,0.00,0.00,0.00,73.95,0.00,73.95,495.05,53.61,0,0,0,0.00,0,F1,925,,,,,
2026-09-03,2026-09-03,FO,NSE,STO,112556,,ICICIPRULI,,2026-09-29,2026-09-29,430.00,PE,ICICIPRULI26SEP430PE,0.00,0.00,0.00,0.50,0.50,0.50,495.05,0.63,87875,0,0,0.00,0,F1,925,,,,,
2026-09-03,2026-09-03,FO,NSE,STO,101990,,ICICIPRULI,,2026-11-23,2026-11-23,450.00,PE,ICICIPRULI26NOV450PE,0.00,0.00,0.00,7.20,0.00,7.20,495.05,9.07,0,0,0,0.00,0,F1,925,,,,,
2026-09-03,2026-09-03,FO,NSE,STO,112576,,ICICIPRULI,,2026-09-29,2026-09-29,530.00,PE,ICICIPRULI26SEP530PE,30.50,30.50,30.50,30.50,30.50,37.75,495.05,38.11,16650,925,1,518462.50,1,F1,925,,,,,
2026-09-03,2026-09-03,FO,NSE,STO,81175,,ICICIPRULI,,2026-10-27,2026-10-27,540.00,PE,ICICIPRULI26OCT540PE,0.00,0.00,0.00,45.05,0.00,45.05,495.05,49.47,0,0,0,0.00,0,F1,925,,,,,
2026-09-03,2026-09-03,FO,NSE,STO,101702,,ICICIPRULI,,2026-10-27,2026-10-27,485.00,CE,ICICIPRULI26OCT485CE,0.00,0.00,0.00,43.15,0.00,43.15,495.05,31.41,0,0,0,0.00,0,F1,925,,,,,
2026-09-03,2026-09-03,FO,NSE,STF,68544,,ICICIPRULI,,2026-09-29,2026-09-29,,,ICICIPRULI26SEPFUT,505.80,505.80,494.30,495.20,495.05,499.40,495.05,495.20,15583475,90650,740,341760952.50,672,F1,925,,,,,
2026-09-03,2026-09-03,FO,NSE,STO,80999,,ICICIPRULI,,2026-09-29,2026-09-29,465.00,PE,ICICIPRULI26SEP465PE,0.00,0.00,0.00,2.45,2.45,2.45,495.05,4.77,91575,0,0,0.00,0,F1,925,,,,,
2026-09-03,2026-09-03,FO,NSE,STO,81144,,ICICIPRULI,,2026-10-27,2026-10-27,440.00,PE,ICICIPRULI26OCT440PE,0.00,0.00,0.00,5.95,0.00,5.95,495.05,4.12,0,0,0,0.00,0,F1,925,,,,,
2026-09-03,2026-09-03,FO,NSE,STO,101893,,ICICIPRULI,,2026-11-23,2026-11-23,420.00,CE,ICICIPRULI26NOV420CE,0.00,0.00,0.00,99.05,0.00,99.05,495.05,84.68,0,0,0,0.00,0,F1,925,,,,,
2026-09-03,2026-09-03,FO,NSE,STO,80983,,ICICIPRULI,,2026-09-29,2026-09-29,445.00,PE,ICICIPRULI26SEP445PE,0.00,0.00,0.00,4.25,0.00,4.25,495.05,1.67,0,0,0,0.00,0,F1,925,,,,,
2026-09-03,2026-09-03,FO,NSE,STO,102009,,ICICIPRULI,,2026-11-23,2026-11-23,510.00,CE,ICICIPRULI26NOV510CE,0.00,0.00,0.00,34.90,0.00,34.90,495.05,25.56,0,0,0,0.00,0,F1,925,,,,,
2026-09-03,2026-09-03,FO,NSE,STO,101956,,ICICIPRULI,,2026-11-23,2026-11-23,450.00,CE,ICICIPRULI26NOV450CE,0.00,0.00,0.00,73.85,0.00,73.85,495.05,60.57,0,0,0,0.00,0,F1,925,,,,,
2026-09-03,2026-09-03,FO,NSE,STO,102018,,ICICIPRULI,,2026-11-23,2026-11-23,550.00,PE,ICICIPRULI26NOV550PE,0.00,0.00,0.00,50.55,0.00,50.55,495.05,59.53,0,0,0,0.00,0,F1,925,,,,,
2026-09-03,2026-09-03,FO,NSE,STO,102016,,ICICIPRULI,,2026-11-23,2026-11-23,540.00,PE,ICICIPRULI26NOV540PE,0.00,0.00,0.00,44.05,0.00,44.05,495.05,52.26,0,0,0,0.00,0,F1,925,,,,,
2026-09-03,2026-09-03,FO,NSE,STO,101729,,ICICIPRULI,,2026-10-27,2026-10-27,535.00,PE,ICICIPRULI26OCT535PE,0.00,0.00,0.00,37.45,0.00,37.45,495.05,45.75,0,0,0,0.00,0,F1,925,,,,,
2026-09-03,2026-09-03,FO,NSE,STO,101711,,ICICIPRULI,,2026-10-27,2026-10-27,495.00,PE,ICICIPRULI26OCT495PE,0.00,0.00,0.00,15.50,15.50,15.50,495.05,21.24,925,0,0,0.00,0,F1,925,,,,,
2026-09-03,2026-09-03,FO,NSE,STO,81024,,ICICIPRULI,,2026-09-29,2026-09-29,555.00,PE,ICICIPRULI26SEP555PE,0.00,0.00,0.00,39.85,39.85,39.85,495.05,59.49,1850,0,0,0.00,0,F1,925,,,,,
2026-09-03,2026-09-03,FO,NSE,STO,81009,,ICICIPRULI,,2026-09-29,2026-09-29,495.00,PE,ICICIPRULI26SEP495PE,9.20,11.95,9.00,11.70,11.95,10.25,495.05,11.70,76775,-13875,32,14969830.00,28,F1,925,,,,,
2026-09-03,2026-09-03,FO,NSE,STO,81013,,ICICIPRULI,,2026-09-29,2026-09-29,515.00,PE,ICICIPRULI26SEP515PE,0.00,0.00,0.00,21.60,21.60,21.60,495.05,27.09,142450,0,0,0.00,0,F1,925,,,,,
2026-09-03,2026-09-03,FO,NSE,STO,101734,,ICICIPRULI,,2026-10-27,2026-10-27,565.00,CE,ICICIPRULI26OCT565CE,0.00,0.00,0.00,9.60,0.00,9.60,495.05,5.06,0,0,0,0.00,0,F1,925,,,,,
2026-09-03,2026-09-03,FO,NSE,STO,112572,,ICICIPRULI,,2026-09-29,2026-09-29,510.00,PE,ICICIPRULI26SEP510PE,0.00,0.00,0.00,17.50,17.50,17.50,495.05,23.81,301550,0,0,0.00,0,F1,925,,,,,
2026-09-03,2026-09-03,FO,NSE,STO,112557,,ICICIPRULI,,2026-09-29,2026-09-29,440.00,CE,ICICIPRULI26SEP440CE,0.00,0.00,0.00,69.35,69.35,69.35,495.05,58.15,925,0,0,0.00,0,F1,925,,,,,
2026-09-03,2026-09-03,FO,NSE,STO,101731,,ICICIPRULI,,2026-10-27,2026-10-27,545.00,PE,ICICIPRULI26OCT545PE,0.00,0.00,0.00,44.05,0.00,44.05,495.05,53.30,0,0,0,0.00,0,F1,925,,,,,
2026-09-03,2026-09-03,FO,NSE,STO,112620,,ICICIPRULI,,2026-09-29,2026-09-29,570.00,PE,ICICIPRULI26SEP570PE,0.00,0.00,0.00,70.00,70.00,70.00,495.05,73.46,3700,0,0,0.00,0,F1,925,,,,,
2026-09-03,2026-09-03,FO,NSE,STO,102027,,ICICIPRULI,,2026-11-23,2026-11-23,580.00,CE,ICICIPRULI26NOV580CE,0.00,0.00,0.00,11.05,0.00,11.05,495.05,6.78,0,0,0,0.00,0,F1,925,,,,,
2026-09-03,2026-09-03,FO,NSE,STO,101991,,ICICIPRULI,,2026-11-23,2026-11-23,460.00,CE,ICICIPRULI26NOV460CE,0.00,0.00,0.00,66.20,0.00,66.20,495.05,53.43,0,0,0,0.00,0,F1,925,,,,,
2026-09-03,2026-09-03,FO,NSE,STO,101735,,ICICIPRULI,,2026-10-27,2026-10-27,565.00,PE,ICICIPRULI26OCT565PE,0.00,0.00,0.00,58.70,0.00,58.70,495.05,69.59,0,0,0,0.00,0,F1,925,,,,,
2026-09-03,2026-09-03,FO,NSE,STO,101689,,ICICIPRULI,,2026-10-27,2026-10-27,465.00,PE,ICICIPRULI26OCT465PE,0.00,0.00,0.00,7.50,0.00,7.50,495.05,9.62,0,0,0,0.00,0,F1,925,,,,,
2026-09-03,2026-09-03,FO,NSE,STO,112574,,ICICIPRULI,,2026-09-29,2026-09-29,520.00,PE,ICICIPRULI26SEP520PE,23.05,28.45,22.30,28.45,28.40,23.05,495.05,28.45,289525,0,23,11621885.00,23,F1,925,,,,,
2026-09-03,2026-09-03,FO,NSE,STO,81174,,ICICIPRULI,,2026-10-27,2026-10-27,540.00,CE,ICICIPRULI26OCT540CE,0.00,0.00,0.00,23.25,0.00,23.25,495.05,9.70,0,0,0,0.00,0,F1,925,,,,,
2026-09-03,2026-09-03,FO,NSE,STO,112571,,ICICIPRULI,,2026-09-29,2026-09-29,510.00,CE,ICICIPRULI26SEP510CE,10.85,10.85,6.15,6.35,6.15,7.75,495.05,6.35,414400,49950,276,132242440.00,238,F1,925,,,,,
2026-09-03,2026-09-03,FO,NSE,STO,102008,,ICICIPRULI,,2026-11-23,2026-11-23,500.00,PE,ICICIPRULI26NOV500PE,0.00,0.00,0.00,22.75,0.00,22.75,495.05,27.83,0,0,0,0.00,0,F1,925,,,,,
2026-09-03,2026-09-03,FO,NSE,STO,102006,,ICICIPRULI,,2026-11-23,2026-11-23,490.00,PE,ICICIPRULI26NOV490PE,0.00,0.00,0.00,18.65,0.00,18.65,495.05,23.00,0,0,0,0.00,0,F1,925,,,,,
2026-09-03,2026-09-03,FO,NSE,STO,81187,,ICICIPRULI,,2026-10-27,2026-10-27,560.00,PE,ICICIPRULI26OCT560PE,0.00,0.00,0.00,58.35,0.00,58.35,495.05,65.37,0,0,0,0.00,0,F1,925,,,,,
2026-09-03,2026-09-03,FO,NSE,STO,81158,,ICICIPRULI,,2026-10-27,2026-10-27,470.00,PE,ICICIPRULI26OCT470PE,0.00,0.00,0.00,8.00,8.00,8.00,495.05,11.15,925,0,0,0.00,0,F1,925,,,,,
2026-09-03,2026-09-03,FO,NSE,STO,81188,,ICICIPRULI,,2026-10-27,2026-10-27,570.00,CE,ICICIPRULI26OCT570CE,0.00,0.00,0.00,14.30,0.00,14.30,495.05,4.40,0,0,0,0.00,0,F1,925,,,,,
2026-09-03,2026-09-03,FO,NSE,STO,81170,,ICICIPRULI,,2026-10-27,2026-10-27,520.00,CE,ICICIPRULI26OCT520CE,0.00,0.00,0.00,31.35,0.00,31.35,495.05,15.47,0,0,0,0.00,0,F1,925,,,,,
2026-09-03,2026-09-03,FO,NSE,STO,112619,,ICICIPRULI,,2026-09-29,2026-09-29,570.00,CE,ICICIPRULI26SEP570CE,0.55,0.55,0.55,0.55,0.55,0.60,495.05,0.93,98975,-925,2,1055517.50,2,F1,925,,,,,
2026-09-03,2026-09-03,FO,NSE,STO,101733,,ICICIPRULI,,2026-10-27,2026-10-27,555.00,PE,ICICIPRULI26OCT555PE,0.00,0.00,0.00,51.10,0.00,51.10,495.05,61.24,0,0,0,0.00,0,F1,925,,,,,
2026-09-03,2026-09-03,FO,NSE,STO,81026,,ICICIPRULI,,2026-09-29,2026-09-29,565.00,PE,ICICIPRULI26SEP565PE,0.00,0.00,0.00,57.55,57.55,57.55,495.05,68.74,2775,0,0,0.00,0,F1,925,,,,,
2026-09-03,2026-09-03,FO,NSE,STO,101995,,ICICIPRULI,,2026-11-23,2026-11-23,470.00,CE,ICICIPRULI26NOV470CE,0.00,0.00,0.00,59.00,0.00,59.00,495.05,46.77,0,0,0,0.00,0,F1,925,,,,,
